1678 104
2 
1578 68
158 18
137 37
1301 160
837 20
1304 12
816 73
1485 207
209 72
2042653 1
859 10
136 156
848 26
2157 1012
1257 8
1716 195
838 60
2701 4
28037 27
1303 21
28124 1
28112 3
1730 29
28131 3
1263 15
1535 3
662 190
813 96
485 86
2097 5
2130 14
166486 4
360807 2
39491 4
301301 1
1527 1
301302 1
39490 1
853 4
841 12
29364 1
2753 2
562 
105841 1
1735 1
1736 1
39483 2
467210 2
1537 1
39488 2
33042 7
31971 2
649756 1
39496 1
83339 
33043 2
817 90
4930 49
714 34
836 22
157 35
1280 
292 5
727 40
40324 36
287 356
1696 52
1743 6
1269 16
1279 71
1314 729
469 117
1309 173
1396 162
1760 5247
1393 4
1402 14
1827 58
286 420
53335 33
29465 19
543 370
1313 334
547 25
2050 4
147802 16
2702 37
82135 2
210 476
1772 11
324767 1
1680 7
216816 13
247 1
2093 70
5476 91
1535326 47
239935 2
172900 2
28050 4
52225 2
1380 4
216851 15
239934 7
1350 74
74201 105
906 19
561 10
39950 1
329854 4
818 5
823 8
821 14
28116 9
291644 2
328812 4
28111 3
171549 422
47678 4
46503 5
820 8
291645 2
375288 23
310298 2
151419 1
666 179
2173 25
28890 661
2158 56
2317 1
32067 8
2098 2
162289 34
1747 109
52769 2
1659 2
1655 2
1681 12
1239 4739
1685 29
1688 1
1683 2
194 53
629 26
590 2
642 39
201174 5455
32066 60
1224 9141
47054 6
290731 1
638849 1
336260 1
81411 1
638847 2
81461 2
81466 3
508459 2
49894 7
2351 1
428711 1
428712 2
200644 1368
976 
1282 111
1496 
186801 1608
1649 9
1386 210
1764 26
1773 
1502 16
186803 368
168384 1
33039 5
815 112
573 335
584 11
216572 228
1744 2
84107 27
84032 1
47715 31
1686 3
128827 61
1654 52
613 26
970 18
186802 1375
901 2
810 20
851 16
1308 21
773 75
67825 5
32025 1
1335 7
37372 3
239759 36
517 29
32008 54
48736 12
475 24
135621 480
38289 2
55193 19
4751 
1300 191
100176 1
872 39
85698 6
497724 2
203 1
28196 16
37734 7
260714 1
300419 1
201 7
28080 4
197 56
195 118
198 2
1351 
102106 13
212 1
90964 129
572511 51
713 22
1016 17
538 5
2037 122
85004 123
1322 1
1590 20
186826 824
74426 2
480 13
724 17
1310 50
32012 7
28132 4
41976 2
135083 2
1017 1
484 2
42068 5
80816 1
1898207 7
33870 1
40520 3
4761 239
27316 8
4914 2
5204 
4890 
4932 317
54007 1
5482 11
583 13
582 7
827 4
32207 17
1328 12
76860 3
40323 28
1318 8
482 46
117563 4
1639 147
1582 23
1763 140
33958 440
72294 54
2885105 1
544 21
83558 6
85007 804
1767 11
1809 4
69710 2
160 4
747 13
1598 14
570 20
1352 360
28187 1
39948 7
143361 1
1236 4135
409322 7
53419 4
162 3
2104 18
520 48
28901 7
1596 20
1613 12
186828 55
712 132
468 206
75682 203
2039 23
58231 2
46124 2
4753 6
95486 15
31953 122
564 3
2081351 2
222 30
47770 25
168808 2
109790 19
1376 2
59505 2
856 1
5579 38
37463 34
104397 62
29391 2
5052 623
159075 38
5073 
165779 25
1930 2
57494 29
28256 232
1030 15
135858 3
43668 34
49 33
93378 1
632 247
138 37
1769 5
139 42
91347 723
487 222
1305 24
633 17
212791 1
29466 5
1579 12
5498 241
31977 53
66851 1
1018 4
488 2
860 4
2160 28
203490 60
195950 3
5480 5
200643 488
4892 
1302 2
28133 3
5506 495
5206 9
2207 15
824 1
5475 47
270 34
184869 6
1768 5
28090 9
1358 3
230143 1
199 8
91061 
357276 6
31979 309
1263066 0
40518 1
43770 1
1283 6
746128 15
28221 17
1295 1
283734 4
38304 2
38284 2
416916 5
35518 1
204 3
33033 4
85006 
1378 10
93217 31
80840 1033
47670 2
28127 
28129 4
386414 3
56774 2
1164882 5
539 2
5036 1
624 13
1382 4
39487 1
1381 1
1383 1
189330 15
109871 2
620 4
81852 108
171 70
1597 9
35832 2
84998 116
315405 1
119852 1
83770 2
495 3
5478 11
5059 10
33178 6
87883 8
1561 1
1492 10
1491 75
550 34
55601 7
729 4
158846 4
356 1236
41294 141
69277 163
68287 72
1033 23
28216 1449
847 2
37637 2
60133 1
68892 6
1311 326
29347 2
543311 2
45634 2
508458 39
13687 197
374 93
407 53
41275 41
92793 12
82203 1
671224 11
1261 4
102148 4
840 1
2052 4
171552 97
738 20
1656 1
1019 2
2129 10
544448 
203470 5
218538 2
990719 17
2172 15
92860 
162474 19
203557 36
5533 29
43675 5
29434 1
33036 1
174708 3
1637 29
1206749 1
84112 4
5062 16
29385 4
526525 77
203492 38
338 41
229219 7
5500 2
34489 153
2038 1
1727 1
470 1003
294702 3
1200657 1
1883 1155
252598 1
423477 1
419208 1
39778 3
39777 6
68891 1
953 3
33992 3
262 14
783 10
948 22
263 6
945 9
47589 1
777 43
780 88
1105106 1
46123 2
1338 7
40215 5
83554 68
2102 2
2085 139
31969 
2316 2
497726 3
651137 56
33951 11
32069 26
447020 9
651554 2
1643826 46
79603 1
644652 5
84162 1
84111 5
84108 6
28025 2
1506553 18
86331 6
1505663 5
100883 1
244127 5
1357 27
1243 18
165179 2
265975 3
33038 6
228229 2
37769 36
1859096 9
5207 174
1385 1936
4754 9
263815 1
1622 2
6029 351
2735 1
48463 6
40214 9
34072 14
47671 1
622 15
89014 1
45401 45
1375 8
670 255
672 17
274 5
33072 9
1117 1228
133925 18
196081 2
177971 1
318829 11
40559 3
552 16
5180 2
190893 4
358 21
689 3
170652 1
1348911 3
33892 17
2005386 1
5502 184
4842 22
4830 118
29393 1
292800 4
2546348 1
1870884 3
72274 561
34098 5
1253 11
46255 24
1580 8
1247 53
630 22
203494 53
65047 2
665874 5
80865 7
55968 38
354349 5
28125 6
574697 9
207244 12
830 5
28197 14
28135 3
228603 2
1270 6
1584 6
31973 1
1624 12
893 7
44259 2
2100 6
100175 1
907 4
33926 
1481960 2
171550 56
154046 6
294 46
186806 58
41687 12
40427 25
158836 7
43996 2
32033 274
504481 8
28026 4
1333651 1
1689 5
615 27
38312 2
194924 115
186818 136
186804 55
2049 122
31957 99
53246 60
95818 13
203691 248
76833 2
66831 4
292632 1
28453 77
28113 1
32257 7
459786 9
191303 2
577310 4
46205 2
1017280 4
1912216 6
556499 3
1633 4
204516 2
1423 50
165696 70
255526 4
29519 39
1434006 2
623 109
1651 1
59735 3
36809 62
40544 11
1652 1
644 31
234 33
29518 9
33871 1
626929 2
84109 2
118747 1
78259 2
2717 2
33905 3
470565 2
2051 3
118882 46
2740 2
78342 1
446 28
548 16
78258 3
2115 5
29321 1
1694 4
437755 1

