1257
44259
906
893
194
970
39948
43996
195950
1301
1380
1730
157
1301
29465
194
46123
1378
1016
482
837
2
837
158
2
2
2
137
1301
2
2
562
562
2
91061
186801
1239
186801
68337
91061
2
2
2
2
906
893
28050
970
29465
1257
194
1378
1301
482
837
28112
158
2
2
1730
2157
970
1301
29465
194
1257
2
1301
2
2
848
1654
1760
1656
1656
816
836
136
136
136
2
2
2
970
29465
1257
2
1239
186801
91061
1239
91061
1301
1378
2
186801
1257
29465
970
1257
165779
2740
543311
1257
2
33033
33033
33033
33033
837
851
2
143361
2
906
906
906
906
907
893
893
893
893
2
206
194
194
204
970
69823
135082
135083
135083
970
970
39950
39948
39950
43996
1380
1730
157
837
158
28112
28112
2
2
2
1301
29465
33051
1309
29465
1301
29465
29465
29466
39778
29465
194
46123
1016
1378
482
1016
824
1301
29465
2
1257
44259
1301
46123
1378
29465
194
1016
906
893
837
907
39950
836
195950
2
33033
33033
851
837
194
1309
29466
837
1309
29466
143361
39950
1730
562
666
102234
2157
562
666
102234
562
666
287
1423
1163
379
28211
1423
562
666
562
2
562
562
666
666
1423
287
102234
2
1117
102234
1163
379
1163
1163
379
379
379
102234
28211
1163
28211
379
1016
838
836
562
666
136
1117
2
102234
1165
2
2157
1173
2
2
1173
1163
349
2
1573883
1163
666
1655
1303
1655
1303
1655
1655
1655
1303
1303
1303
1655
2
1655
1303
1303
1655
1655
2
2
1655
2
1303
52769
1659
1303
1655
1309
1655
1659
1655
1655
1655
1303
1303
1309
1655
1303
1309
1655
1303
1655
1303
1655
1309
1309
1655
1303
1655
1655
1655
1655
1303
1655
1303
1655
1303
1655
1303
1655
1303
1655
1655
1655
1303
1303
1655
1303
1303
1655
1655
1303
2
1655
1655
1303
1655
2
1655
1303
1303
1655
1655
1655
1303
2
2
1309
1303
1655
1303
1303
28037
562
562
1303
28037
1655
1655
1303
1655
1654
1303
2
1655
1655
1655
562
562
2
1313
28037
28037
28037
52768
52769
1655
1655
1656
1655
1309
1655
1309
1309
1310
1301
1654
1655
52771
52767
52774
1654
2
1313
1303
1301
28037
1313
1710986
2
562
287
1639
724
1639
562
287
287
287
727
561
727
724
2
28890
1239
32066
1224
203691
508458
544448
2
2
2
562
1717
520
160
485
2
467210
186803
186806
467210
1730
1736
1239
976
1224
201174
28890
810
508458
544448
544448
91061
526524
1239
1239
186801
91061
1301
46123
1378
117563
46123
117563
526524
118748
102148
38402
1578
1239
186801
186801
186801
56774
1730
1730
186804
186806
186803
186807
68298
186801
31977
909930
186801
186803
186804
31977
31977
156454
82202
39948
906
970
29465
544448
31969
1239
2093
2085
2098
2124
56142
544448
544448
2037
85004
84999
2037
1654
32207
57493
267408
33882
1743
1763
37914
1716
1716
85004
1678
2701
196081
196082
2701
84999
1380
84162
84111
133925
84108
848
32067
838
816
836
195950
59735
1016
838
76122
76122
838
815
28119
171549
1015
59735
1224
28211
28216
1236
28221
29547
28216
482
538
32257
71
222
517
47670
32008
48736
80865
34072
88
1236
32033
868
135621
468
543
712
32033
40324
1224
729
729
28221
872
898
893
958
29547
194
209
194
157
810
83558
810
562
810
508458
508458
200930
1239
428712
638849
520
1717
1773
485
66851
83558
2157
1298
1117
2
1239
1224
976
203691
508458
200795
200795
29466
838
13687
28211
2
136
46123
117563
46124
137732
137733
133925
133926
133926
138595
136
638849
2
2
428712
68298
1239
83558
2
824
827
2
40323
2
59732
59735
59734
824
827
824
824
508458
2085
2093
2124
195950
2
2
2
80864
41297
75682
2
2
2
2
2
2
2
1224
80864
41297
206379
75682
135621
203492
171552
712
85016
1224
914
847
75682
2
80864
41297
80864
2
2
41297
41297
83558
2104
83558
287
287
32008
2
1582
915
847
2
171674
285
285
286
1301
838
848
724
29465
836
2
32025
2
2
2
1224
1239
286
1301
838
848
2
2
286
1301
838
848
724
29465
836
2
286
724
286
286
286
724
286
286
286
724
724
286
724
724
286
2
2
1224
286
1239
1224
2
2
67825
287
2157
2
2
2
1309
837
2
287
1280
2
2
2
2
837
1280
1309
1309
837
287
1280
5476
1309
837
1309
837
837
287
1280
2
2
837
1309
1309
837
2
5476
1309
5476
5476
1280
287
287
5476
5476
287
5476
5476
286
5475
287
2
2
2
2
2
2
5476
5482
4909
5478
2
1309
2
287
1280
5476
1309
5476
5476
1309
5476
2
286
286
287
2
286
29465
1301
29465
1301
2
810
810
2
2
1239
976
1224
201174
2
1224
1239
286
47886
1279
85009
32008
1239
976
32066
1224
203691
544448
848
1301
482
186803
216851
128827
186803
29465
1301
1301
29465
1301
2
1743
32207
32008
1716
117563
1279
28216
816
186803
248744
547
543
1263
292632
286
47886
810
29465
1301
1301
29465
32207
117563
1743
117563
2
2
2
2
2
1301
482
848
128827
186803
286
2
2
2
286
562
1598
810
813
813
810
562
216816
83558
714
837
837
2
47886
543
135621
810
1301
137732
2047
1743
83558
83558
853
810
287
2
2
2
1224
287
292
727
40324
85698
1239
1280
2
2
2
1224
286
1279
32008
724
1301
1763
1239
1300
1300
287
1280
2049
186828
84107
543
33958
1268
171552
31957
31977
2
2
287
287
2
2
1654
1239
976
1224
201174
1385
31979
186802
186806
1762
85025
186818
82115
263369
216572
119060
81852
80864
171550
2092
137
188709
1224
976
544448
203691
200918
286
838
1301
29465
1654
346096
2
32067
346096
285105
482
1760
2
2
1300
287
287
287
287
2
287
2
33040
2
2
2
28037
1302
1301
2
2
33040
933
2
186801
1678
29465
2
4751
1496
2
29465
29465
1678
2
564
2
2
2
29465
543
186801
2
816
838
816
816
817
561
816
816
1678
1678
1678
1678
543
1236
1236
543
976
1239
976
1239
201174
1578
1496
816
816
838
543
1678
29465
2
41976
484
1017
28132
28037
135083
201174
1239
1239
976
201174
1239
976
203691
2
2157
66851
4751
4953
5073
5506
4930
5052
1301
197
2
837
158
714
2
2
498941
2157
4751
2
287
5476
746128
4751
2
2
4751
42068
563466
85007
2
1280
292
287
1280
727
85698
85007
287
287
4751
5476
43987
746128
5059
162425
33178
563466
41688
5970
42068
42068
5052
2
2
1378
286
1301
724
2
286
1301
838
848
724
29465
836
5475
5052
43987
746128
5052
746128
293939
746128
42068
55193
42068
4753
76775
76773
76777
55193
55193
2
4751
4751
4751
5052
746128
5073
5476
5480
36910
36911
4751
487631
5075
5052
41419
28985
55193
13000
4751
2
4751
4751
2
4751
2
2
286
286
287
1301
33040
1301
1328
817
76860
724
55193
5476
5480
746128
5476
5480
5476
746128
5052
5052
746128
5480
746128
563466
273372
5480
293939
746128
5476
746128
2
286
1301
5476
287
746128
1301
2
838
1378
29465
287
727
5476
746128
293939
4751
4751
2
5476
5480
746128
287
5476
5480
2
5476
746128
746128
2
5476
2
4751
287
287
4751
287
5476
287
5476
287
4751
2
2
4751
1305
1318
1304
42068
2
287
287
42068
746128
2
4751
4751
2
4751
2
1301
724
286
5052
5475
55193
5052
286
1301
5476
5480
4751
4751
4751
4751
4751
2
2
42068
4751
42068
2
5052
41419
487631
36911
76777
5075
4911
746128
5476
5052
293939
746128
746128
4754
5476
5052
29917
5429
29855
5234
5302
5204
82310
287
287
4751
33040
746128
746128
746128
273371
273372
5480
563466
5597
563467
41687
273371
273372
5480
287
5476
287
5476
286
5476
2081351
746128
287
287
5476
5476
746128
5480
273372
273371
287
287
287
746128
287
162425
4751
287
816
171551
816
816
816
816
2
572511
216851
841
572511
216851
841
572511
216851
841
572511
572511
53443
572511
216572
216572
216572
186803
186803
186803
186803
2
1496
2
590
2
2
816
2
816
2
2
1496
2
1239
1224
2
1313
727
480
2
286
1301
838
848
724
29465
836
286
724
40323
1239
201174
1239
1224
201174
1239
1224
1297
1298
1234
201174
1224
1224
201174
1239
1239
1239
201174
1224
32067
848
2
29547
194
194
649775
649776
428711
1380
84162
1239
186826
1301
46123
526525
118747
123375
135624
1236
642
213118
28221
893
53460
1839
1239
2023
1224
186650
32257
544
909656
2
2
32207
2038
1654
1301
1257
613
1016
32207
2038
1301
1257
32067
32257
156973
1485
1239
2
2
2
194
428712
2
91061
2023
156973
156974
45254
555313
1301
1309
1309
1304
1310
1318
1309
29465
29465
1309
28037
482
1305
1309
1309
1309
1301
1310
1318
1309
1224
201174
976
1239
29465
1301
1309
1301
29465
1310
1318
29465
29465
1309
1310
1305
46125
2
1309
1309
1310
1309
1310
1309
1309
1578
1678
196081
1309
1310
2
1309
1309
1309
1309
1309
1309
1310
1310
1309
1310
1310
1309
1309
1309
1310
1309
1304
1304
1343
1304
1309
1304
1304
1304
1304
2
1318
1309
1318
1318
29465
29465
29465
29465
29465
29465
29465
29465
1309
29465
29465
29465
29465
29465
1309
29465
1302
1309
1309
29465
1301
482
1305
1224
482
1302
46125
43768
46124
484
45634
29391
539
671224
46125
43768
484
484
45634
1302
1302
1309
43768
671224
1309
1310
1318
1309
29465
29465
1309
1301
482
1305
2
1309
1310
2
1310
2
1309
2
28037
1302
1301
1309
1304
1309
1310
1309
1310
1309
1310
2
68891
68892
28037
1304
2
1309
1304
33040
1343
1304
1304
1318
1301
1578
29465
1309
29466
1309
29466
2
1309
837
1302
2
1309
1302
32067
40542
43768
135083
135080
135082
135079
671224
29465
714
2
1239
976
1224
32066
1301
341694
1304
1302
1379
29391
43995
1318
46124
1338
210
590
1335
83558
773
1747
562
32025
2
2
2
562
2
1239
976
1224
32066
201174
1239
91061
186826
1385
186801
816
1301
1378
543311
1257
338
43994
123375
1380
838
29465
117563
562
265975
848
1654
906
1033
32067
1016
970
88
194
43996
1654
32067
470565
28132
60133
851
562
484
1382
851
1239
46124
114527
33033
1328
45634
28037
39778
1301
1379
29391
84135
43995
341694
1302
1318
1304
1304
69823
543311
1730
1730
1338
1318
237576
2
1239
2
43994
2
2
2
2
1654
1301
470565
60133
69823
39778
32067
838
32067
46124
1338
237576
265975
1328
1328
1328
76860
1338
2
1730
1380
851
543311
1301
1304
1302
1379
29391
43995
1318
341694
1378
43995
2
2
2
543
544448
2
43995
2
210
2
209
2
837
2
1328
2
188
28450
2
2
837
32067
237576
1239
1328
1328
1730
1328
2
341694
84135
43997
43995
1485
2
1239
1224
201174
976
2
2
1239
1224
201174
2
1224
1224
1224
203691
1224
482
1301
2
2
2
482
1301
1016
1301
1654
29465
1016
203697
482
32207
838
117563
33983
1378
1301
2
29465
1654
117563
117563
203697
33983
32207
838
1016
482
838
1301
29465
1654
1016
203697
2
1309
1309
203697
88874
174038
186802
2
186802
1578
1239
976
1239
186801
216851
841
33042
572511
1263
1239
816
838
838
816
838
816
186802
186803
216572
1485
2
186802
186802
838
816
1239
28901
28901
28901
590
2
590
1485
2
2157
54388
54388
291169
2
286
286
286
838
286
1279
286
2
287
1280
2
2
287
28129
28132
838
286
1279
724
40323
838
1301
286
1279
286
1279
724
40323
32008
286
1279
724
40323
838
1301
33040
33040
1328
817
76860
1328
817
33040
1328
817
287
1279
286
29465
117563
838
286
29465
117563
838
286
1301
838
29465
1654
117563
32207
32067
836
1578
286
286
286
286
2
287
287
838
286
286
1279
838
29465
286
1279
32067
286
286
286
287
838
28132
28135
28135
286
838
838
838
838
29465
836
32067
286
1279
838
838
838
286
1279
286
286
838
838
286
1279
838
838
28131
838
287
838
838
838
286
838
838
838
2
2
838
29465
286
286
1279
287
2
287
2
2
2
286
1279
287
2
2
286
286
286
838
2
286
1279
838
1301
2
2
2
2
287
2
2
33040
32067
28131
287
2
2
1598
315405
2
2
1386
1350
1578
1253
1301
2
2
2
1596
47715
1590
1613
1352
2
1357
2
2
2
2
2
2
2
2
2
2
2
2
2
2
2
562
2
2
2
1280
2
1386
1350
1578
1253
1301
2
1335
1335
315405
315405
1335
1335
1352
53345
1351
1352
1386
1350
1578
1253
1301
2
2
2
2
2
2
2
2
1352
1357
2
1357
2
1357
1357
1357
1301
1578
315405
29389
1335
1578
1386
1598
1598
1598
1598
2
2
2
2
2
2
2
28037
1303
1318
1304
2
2
2
2
2
2
2
1358
1605
55085
315405
1335
1280
2
1578
2
1578
1578
1598
1350
2
1624
1578
1328
1578
33959
2
1352
1301
1301
315405
315405
315405
1598
1598
1396
363872
1335
1255
2
838
13687
286
469
848
906
29465
1279
1301
426175
2
2
838
29465
836
848
286
1578
816
1578
906
838
1883
1654
1386
1716
1357
1269
482
1716
1279
1386
68287
237
400634
186803
1883
469
906
286
1485
204457
31979
1386
68287
237
1883
906
31979
68287
286
1578
1239
1224
32066
201174
1117
2
838
1301
469
729
1747
1270
217201
467210
970
82203
1599
1301
29465
838
1033
41275
281915
475
482
401469
1716
1016
469
848
906
838
286
13687
1279
1301
29465
2
2104
446
83558
2093
445
1033
41275
281915
475
482
401469
1716
1016
838
13687
286
469
848
906
29465
1279
1301
286
1301
838
848
724
29465
838
293
28198
173
138563
202
838
29465
426175
1224
135621
543
72293
80864
41297
75682
1325849
2
2
1637
2
2157
859
1380
28131
1257
1314
1328
714
1016
836
203491
859
859
838
2157
1257
838
85015
180162
32207
2717
506
1239
976
203491
171551
195950
1016
203491
32067
34105
180162
32067
47670
119060
1763
68298
35800
162027
89374
89966
1117
1198
1129
171551
1016
1239
186807
68298
1224
47670
119060
1016
1239
29465
1301
203491
1257
1117
2062
129577
44471
712
186807
239759
836
171551
836
1016
28453
83612
848
838
2
186803
43996
265975
47670
1257
137
157
171552
1016
46123
186802
848
29391
483
171552
1308
1302
28131
28132
186803
714
47670
482
1305
1016
39950
143361
186804
186803
28124
171552
28133
28131
137
157
45634
32067
171551
1380
171552
1301
90964
1328
848
714
1016
836
203491
859
848
203491
180162
32067
34105
848
171552
28131
28131
28131
28131
1257
28131
1257
1314
28131
1257
28131
1257
35800
162027
89374
2
859
32066
1280
714
837
816
28124
816
28131
28133
837
28124
28131
28133
838
1016
1338
76860
1328
851
28131
1314
2
2
2
2
2
2
543
2
2
2
2
2
2
543
543
2
2
543
2
2
2
543
2
2
2
2
2
2
1117645
2
561
613
547
286
469
283
562
2
2
2
469
547
2
108010
547
1386
613
286
2
1386
615
613
613
286
300
1224
1236
28216
543
135621
84642
80864
468
561
620
2
613
286
642
286
642
613
547
570
469
34037
2
84642
543
468
642
547
469
562
562
562
562
2
2
2
2
562
615
316
547
465797
283
1408
1408
2
465797
562
615
316
2
543
2
2
2
2
2
547
2
2
2
2
2
2
2
543
2
2
562
615
316
2
615
2
2
562
562
615
2
2
2
2
27977
1117645
47917
547
1350
469
2
2
561
2
2
2
2
53335
31953
31953
2037
210
31953
2
31953
31953
31953
2037
31953
1689
78259
78258
2037
31953
31953
31953
1224
1239
976
209
1301
838
210
1301
1578
29465
838
31953
31953
31953
1678
2037
2037
31953
2037
31953
31953
2037
2037
31953
2037
31953
2037
31953
2037
2037
31953
31953
31953
1689
78259
78258
216816
216816
31953
31953
78258
1689
78259
78258
78259
1689
31953
31953
2037
31953
1689
78259
78258
2037
31953
31953
31953
31953
1689
78258
78259
31953
2
2037
31953
2037
2
2
2
31953
31953
31953
31953
31953
31953
210
31953
31953
31953
1678
31953
31953
210
210
1678
78259
78258
78258
1678
216816
1654
1678
216816
209
1681
2127
2
210
2
2081351
2
2
2
2
2
2
564
562
2
2
2
2
2
2081351
2
2
2
2
2
2
2
2
2
2
2
2
2
2
2
2
2
2
2
2
2
2
2
2
2
2
2
2081351
2
2
2081351
953
2
434
2
2
2
953
434
2081351
2081351
2
2
2
2
2
2
2
28116
28116
2
2
2
562
2
562
562
28116
28116
2
2
2
2
2
2
2
2
2
2
2
2
2
2
2
2
2
2
2
2081351
80614
2081351
2081351
2
953
1578
434
286
2
1578
2
953
2
2
2
2
2
434
953
434
953
2
2
2
434
953
2
2
2
434
2
953
953
434
2
2
2
2
2
2
2
2
2
2
2
2
2
2
2
2
2
2
2
2
2
2
2
2
2081351
2
2
4751
1280
727
287
287
1279
40323
222
2
4751
5476
563466
562
562
287
1301
43675
562
1301
43675
43675
562
562
1301
43675
2
287
4751
5476
746128
40324
287
40324
287
43675
2047
1301
28132
40324
40324
40324
2
562
287
1301
40324
287
1301
2
2
287
1301
32207
28132
29466
851
1301
287
43675
1578
2
4751
2
562
43675
1318
573
40324
43675
1301
287
43675
2
1578
47715
1582
1313
1578
1313
1578
1301
47715
47715
286
1301
1280
287
292
40324
287
40324
562
1301
32207
1301
32207
562
562
1578
47715
47715
1582
1578
2
40324
40323
40324
40323
40324
43675
2
2
2
2
1309
2
2
286
1378
1378
1378
286
1301
848
29465
838
1378
32207
32008
222
286
32008
848
724
1301
222
1279
286
1378
1378
1378
286
286
1301
28037
1301
1304
286
1301
286
286
286
286
33040
33040
1378
1378
1378
1378
2
2
2
286
286
1378
2
2
2
838
1279
1309
29465
508458
1301
482
724
1378
32067
123375
543311
32207
1016
84108
836
32257
186804
1578
1380
848
194
838
1016
970
1654
117563
1380
416916
1309
1578
2
1578
1309
1239
1301
29465
2
29465
508458
1301
482
724
1378
32067
123375
543311
32207
1016
84108
836
32257
186804
1578
1380
848
194
838
1016
970
117563
1654
1380
416916
1654
1380
416916
848
838
1654
1380
416916
2
39948
416916
1380
1654
2
2
1301
29465
1301
29465
508458
32207
416916
222
39948
177971
1378
2
848
194
838
1016
1654
1380
416916
2
52769
1380
739
1309
1309
1578
2
1309
29391
4932
5476
1309
1309
2
29465
482
508458
508458
2
1239
1301
32207
210
1239
1224
976
1301
838
29465
482
724
2
1239
976
1224
32066
201174
1239
201174
32066
2
1239
976
1224
32066
201174
1239
201174
1239
976
1224
32066
201174
1239
201174
1239
201174
1301
32207
848
1301
838
28132
425941
28135
76122
28132
28131
201174
1239
1654
32207
1239
1301
848
201174
1239
1760
32207
1239
1301
32066
848
1239
1301
2
2
1239
32066
1301
2
1301
2
4751
1301
848
1301
848
1301
851
851
1239
32066
976
1224
201174
1449397
2
2
2
2
28131
2
45634
848
45634
848
851
851
848
2
28449
32207
39778
838
1318
137732
203
1773
838
29465
43675
482
28037
32207
1730
44259
32207
43675
1021
1021
1021
1239
1224
44259
2050
28449
1773
611
838
1301
137732
2
836
203
43675
2
1021
1030
40751
416916
713
482
1743
1239
201174
1224
1301
724
475
1280
487
2
2
2
2
2
2
2157
1239
201174
1224
1224
201174
1239
1651
1716
1279
724
1743
1301
2
482
1743
724
482
1743
2
2
2
2
726
2
1239
1224
2
1313
480
2
1313
1313
2
1224
2
724
727
727
726
2
1309
2
2
1309
1309
1309
1309
2
1310
1578
1309
2
2
1309
1578
1654
848
836
970
724
1378
32257
32067
1301
29465
2
2
1309
2
1305
1309
2
2
2
2
2
837
2
2
28221
2
2
2
2
2
2
2
2
1309
2
837
2
67719
2
837
1301
1309
2
2
1309
1309
1305
1309
837
29465
2
837
28131
851
1309
1301
2
4751
2
2
2
2
2
2
890415
1827
1357
1485
2
2
1239
976
201174
1224
2
2
2
562
2
2
1351
43767
286
1224
1578
1239
1301
29465
838
482
1313
727
480
2
83558
2104
287
727
480
1313
2
2
1239
1224
976
2
1239
1239
1239
1224
976
2
1224
2
1239
1224
976
201174
1224
1239
976
1301
482
838
29465
1578
1301
286
482
838
29465
40323
1578
1301
286
482
838
29465
482
1224
838
1578
286
1578
286
1578
286
286
1578
838
286
1224
286
1578
1301
482
29465
838
2
286
1224
1578
1239
1301
29465
838
482
1224
286
1578
1224
976
838
1239
1578
1224
286
40323
1578
1239
1224
286
724
40323
724
286
40324
2
286
1578
1301
29465
838
482
1239
1301
2
1313
28037
1303
29465
2
165179
482
482
482
2
2
83558
2093
2104
83558
2104
28037
28037
2
1280
286
1313
727
287
2
1280
287
1313
838
29466
39778
2
2
286
29465
2
2
286
1279
2
287
287
287
32008
287
1280
724
287
292
2
287
287
287
287
287
287
287
287
287
32008
2
28100
48736
33882
1716
1279
286
838
29465
543
48736
287
34072
469
237
48073
12916
335058
287
287
28100
48736
1301
48736
33882
28100
1301
2
1301
838
287
838
1301
32008
286
1301
286
1301
32008
48736
28100
1301
838
287
287
287
2
287
2
2
48736
287
2
48736
28100
33882
2
2
2
2
2
2
287
1301
838
29465
287
287
85698
287
32008
292
286
286
287
543
287
287
287
287
287
287
2
2
287
48736
329
105219
2
85698
93218
287
287
1313
1313
1313
1313
1313
1313
1716
29393
1279
1301
1716
1301
1279
29393
162289
838
1313
1313
28037
1309
257758
2
1224
976
1716
29393
1279
1301
201174
1224
1313
1280
1279
1301
1279
1716
1716
29393
1313
1280
1313
1313
2
2
1313
480
727
1313
1313
1301
1313
1280
727
480
1313
1313
1280
1313
1280
1313
727
1280
1313
1280
1313
2
836
157
195950
838
848
836
157
195950
1257
2753
44259
2093
133925
1257
2753
44259
2093
133925
1654
1301
32207
59735
836
157
195950
2753
44259
2093
2753
44259
2093
157
970
194
2
158
136
158
2
158
2
836
1301
28037
838
848
724
727
838
32207
1279
1301
29465
1378
482
836
1257
287
287
287
287
29465
1301
32207
838
836
1378
848
1301
28037
1301
28037
287
287
1301
28037
836
1301
836
836
1301
2
2
28037
837
28131
28037
836
838
836
838
1257
838
836
1257
838
1301
1378
724
482
29465
1301
1328
1301
836
1301
1301
28037
1301
1301
836
1301
1304
838
1301
1257
838
836
838
1301
1304
2
1301
28037
836
287
287
724
727
2
2
2
287
1313
287
287
287
2
2157
2
2
2
2
2
1280
287
1716
38304
1280
2
1279
1280
1280
1280
287
1280
1280
837
1301
838
32207
29465
1654
286
32008
40323
222
286
287
292
1378
1328
287
5052
287
1301
838
32207
29465
1654
482
724
1378
286
1301
724
286
1279
222
482
40323
286
32008
1301
724
1279
32207
838
1378
1654
29465
286
1301
32008
222
40323
724
517
521
286
32008
1301
286
32008
40323
724
517
1301
286
32008
1301
724
286
32008
1301
1301
286
32008
286
286
1301
32207
29465
1654
286
286
32008
40323
222
724
517
1279
1301
1678
286
32008
286
32008
286
32008
286
286
1763
1279
286
32008
287
287
292
287
85007
1279
40324
2
28133
539
203
28112
28131
837
28133
1239
203691
1239
1239
32066
976
32207
713
1654
76833
1654
838
32207
1301
32067
29465
76833
848
1378
482
836
1239
1239
203691
1239
2
2
2
2
1654
838
1301
848
32067
1716
29465
32207
1378
46123
1378
46123
848
848
2
32207
713
1654
836
195950
1578
186803
482
482
186803
186803
2
851
1773
1763
1763
1773
91061
91061
91061
91061
91061
91061
1773
91061
1773
1773
1773
1773
1773
1773
91061
1773
1773
1773
91061
1386
1773
1773
1773
91061
91061
1773
1773
1773
1773
91061
91061
1773
91061
1773
1773
1773
1773
91061
1773
1773
1773
1773
91061
91061
1773
1773
1773
91061
91061
1773
1773
91061
1773
1773
2
91061
1773
91061
1773
91061
1773
1773
1773
1773
1773
1773
1773
1773
1773
1773
91061
1773
890415
1773
1773
1773
1773
1773
1773
1773
1773
1773
1763
1773
85007
1773
85007
85007
85007
1773
91061
2
470
1654
1396
821
1520
1299
1351
562
210
1596
1639
482
1747
287
1063
1280
1282
1311
1309
1313
1224
108010
2
2
446
32067
836
32067
32067
482
416916
28037
46124
2
2
1309
1017
28132
28037
2
495
28037
46124
32067
32067
32067
32067
32067
32067
32067
32067
1279
1117
1224
201174
976
1239
32066
2
1224
1239
32067
836
482
482
416916
1301
117563
32067
836
32067
836
32067
554406
32067
1239
1224
32067
836
482
32067
836
32067
2
2
32067
836
837
2
837
836
836
2
836
2
836
482
816
416916
28037
1301
848
848
848
836
848
2
28131
32067
836
837
2
2
848
837
2
2
727
2
1224
2
727
480
287
1313
2
287
286
1301
286
475
724
482
222
1716
1224
2
1224
727
712
1236
543
135621
468
28216
1224
727
1239
1224
1224
1224
727
1236
1224
727
1236
475
287
2
2
2
2
2
2
2
2
2
562
2
2
287
287
287
2
1743
239934
2
1279
547
724
482
561
816
2
2
2
2
2
2
2
2
287
38304
1280
2
2
287
287
287
287
287
287
1313
1305
838
28132
29465
28132
29466
28132
29466
287
1313
41976
29466
41976
287
1313
1305
41976
28132
29466
287
287
287
287
29465
838
287
287
287
287
2
2
287
5476
287
2
4751
5476
287
287
287
2
287
1236
1236
286
2
4751
210
210
976
1239
1224
201174
32066
1224
976
201174
1239
32066
1224
1236
286
1224
374
57665
28211
1236
1357
34072
1654
99906
48736
55968
29580
841
1257
1239
186801
28216
1654
1236
1236
210
209
209
210
1224
1236
286
1239
976
1239
1239
1236
1236
286
2
2
543
1236
200643
1236
1236
1236
200643
209
2
209
210
210
210
1236
2
1496
1239
28901
1224
210
209
837
2
851
837
28112
158
851
1656
837
714
539
199
203
158
28112
2
1301
28037
539
824
1018
1019
714
29466
1654
1656
851
2
837
28112
158
2
2
2
1656
1656
1654
29465
714
199
199
1018
1018
1019
1019
539
539
28037
28037
28037
824
824
203
203
851
33033
33033
28131
28131
28133
28133
837
28112
28112
158
158
714
1656
199
824
1018
203
1019
539
837
28131
33033
28133
28037
1301
28112
158
29466
2
28037
2
2
2
851
2
1656
2
714
2
837
2
2
29466
539
1301
851
28112
837
2
1656
714
539
199
203
158
28112
2
2
1019
824
539
1019
33033
2
714
2
2
2
2
2
2
2
2
2
2
1301
28037
1301
714
539
1019
1018
199
29466
2
851
33033
28131
28133
35518
203
837
28112
158
1654
2
2
1301
28037
539
824
1018
1019
714
29466
1656
2
2
2
28037
714
714
28037
714
28037
837
1301
837
1656
2
539
194
199
2
1018
2
1019
2
194
194
2
203
199
824
203
824
199
2
29466
2
29466
29466
837
2
2
824
203
851
28131
33033
28133
203
824
824
203
203
824
851
848
851
851
851
851
851
158
2
33033
1257
33033
2
2
837
837
837
837
837
837
837
28112
837
28112
837
28112
837
158
28112
837
158
837
158
837
28112
837
158
158
2
28112
2
837
2
1301
29466
2
2
28037
194
2
714
2
837
28037
1379
539
2
2
837
194
837
28037
29465
28112
28112
837
2
851
2
538
2
837
158
33033
2
851
28112
851
158
416916
28112
837
2
714
837
714
157
837
28112
837
837
28112
1654
837
28112
837
195950
837
158
2
2
2093
2129
1301
1578
2
1301
848
2
2
2
1301
848
2
2129
2129
2129
2129
134821
851
1311
1301
547
1236
47770
1578
47770
562
339
1747
1578
469
1308
47770
40214
848
547
1308
848
2
47770
47770
47770
47770
47770
47770
562
562
562
47770
2129
47770
2
2129
1311
1301
2
848
1308
848
1301
2
851
59735
2
76122
482
2
2
561
547
2
2
2085
2130
2130
2098
2130
2130
2085
1301
851
851
851
2
2
2
2
2129
851
2
2
134821
134821
1485
47770
562
59735
2
2
2
2
1301
2
2
2
2
2
2
2
2
2
2
2
2
2
2
1239
976
1301
561
32067
469
1017
2
1017
1305
1302
2
2
1017
1302
1305
1017
2
1017
2
2
2
2
1017
2
2
2
2
2
2
2
2
1301
851
1107316
1017
554406
539
158
53419
82203
69823
2
2
1017
158
1017
851
539
158
2
2
2
2
623
2
1639
1280
28901
2
2
2
2
2
2
2
2
2
2
2
2
1305
1302
1017
2
1302
1017
2
2
2
2
2
623
620
2
666
851
158
837
2
226
1041
200644
1227
657
1218
2433
22
1129
662
2
2
2
2
2
816
1301
1578
848
1378
570
29465
1304
1343
641062
28037
1308
1318
1305
1311
39777
39778
1613
570
1379
848
2
203470
482
1301
2038
203470
2
1301
482
203470
2
4751
1224
976
201174
1239
203470
203470
2
482
2038
1301
48736
203470
203470
203470
2
2
482
1301
2038
203470
1301
838
1301
1313
1313
1313
1301
482
487
2038
2039
203470
203470
203470
203470
203470
203470
203470
224436
1313
727
1313
1313
487
2039
287
286
4751
2
287
2
287
287
287
287
287
287
287
1280
1280
562
287
2
32207
286
287
287
287
2
287
287
287
287
287
287
287
287
287
287
2
4751
287
287
287
287
287
40323
287
287
287
287
287
2
287
287
287
287
2
4751
838
2
2
287
287
287
286
287
287
287
2
287
286
287
2
287
517
287
1280
286
2
4751
287
286
287
1902
286
287
287
286
287
287
2039
1239
712
2039
201174
1224
712
43668
629
2
84567
838
629
2038
1239
1224
2039
2038
2038
2
2
2
1239
201174
1239
1224
1239
1239
1224
1239
727
724
724
724
2
2038
2039
1496
2
157
838
836
1847
2
838
1301
32033
59732
119060
2049
137
2049
137
2049
137
32008
836
836
157
1654
838
407
1269
1847
1847
1269
1847
1301
32033
75682
1847
80864
212791
41294
29465
80864
838
1301
482
838
119060
2049
137
157
836
1847
1847
4751
838
28133
837
1654
838
836
837
836
837
1847
1847
1847
2
165179
2039
837
1847
1813
2
837
837
2
2
47420
84567
33057
469
2
2
287
724
1280
1301
480
543
78535
5475
1716
482
1224
2
2
2
838
29465
724
1301
1763
2093
1386
2
2
1224
1239
976
1301
47420
724
200666
28216
200643
84567
33057
724
47420
724
1301
1279
469
2
1301
47420
84567
33057
2
2
1280
562
1313
2104
1773
2098
2
1313
2
2
2
2
2157
2
2
2
2
2
2
2
2
2
2
2
2
2
2
2
2
2
2
2
2
2
1224
724
838
286
1301
838
724
2
1301
838
475
724
2
2
2
727
480
1313
287
2
2
727
480
1224
2
727
287
480
727
2
2
2
1224
286
724
1279
1224
201174
1239
976
1239
1224
2
2
2
727
480
4751
4751
2
4751
286
287
2
2
727
480
67719
4751
2
2
1279
2129
2129
2
2
2
1279
2129
1279
1279
2129
1279
1279
2129
1279
2129
2
2
2
469
1279
2129
2
2
2
2129
2129
2129
2129
2
2
4751
2
2
467942
2129
1280
287
1280
2
2129
2130
2130
134821
134821
28196
583
1350
156973
171549
4751
2
286
561
2
28198
583
1350
72294
543
171551
28196
583
1350
151276
57732
36845
28198
5052
286
561
2
2
2
1396
570
1350
28196
583
1350
5052
2
28198
151276
36845
2
4751
4751
2
1386
286
2
296544
1386
469
1428
1386
286
197
195
2
1386
816
225992
225992
225992
1350
573
583
583
583
837
2
2
837
1351
1260
836
561
1279
286
1301
836
561
2
714
714
837
714
837
714
837
837
1351
1260
836
561
1279
836
561
1279
286
1301
837
43675
561
1279
286
1301
117563
837
561
837
837
836
561
837
1351
1260
287
1351
1260
1260
287
561
836
561
1279
143
1279
837
837
837
714
810
837
837
837
837
837
837
837
2
2
837
2
714
837
837
1260
150022
1260
1351
2
287
837
837
837
837
837
1239
2
1496
1496
1496
976
1224
1117
74201
544448
256845
1239
201174
201174
1239
976
506
171552
31953
186807
1350
816
1243
841
838
283168
216851
976
1239
31977
189330
46205
841
1224
74201
1647988
712
216572
1678
239934
39948
292632
216572
84107
1263
244127
81852
216572
292632
577309
244127
397864
1496
1496
1496
1496
1496
1496
1224
1496
128827
1496
1496
1496
216851
841
1678
2
216851
1678
1678
1678
1239
201174
1678
1239
1239
1239
1224
1224
216851
1224
1239
1224
1678
239934
2
2
2
29465
2
1496
1496
1496
1496
1496
1496
1496
1678
239934
287
1485
1280
1350
91061
1496
1578
1496
1496
2
853
1485
1598
562
239934
1301
39778
43675
2
2157
4751
550
2
1239
1224
976
32066
544448
1239
1224
976
2
544448
1224
1239
976
1301
43675
39778
544448
2093
1239
1301
29465
976
1224
544448
32066
1268
2
2
2
547
1239
1224
32207
1301
1716
1350
1239
1224
976
544448
32207
1301
1716
1350
1301
1279
1301
39778
43675
838
1268
1301
197
1301
43675
39778
838
724
2093
186826
1301
724
29465
32207
838
31953
138
51291
2
1578
197
2
194
2
1224
1239
976
32066
544448
2
28211
91061
200643
200643
28216
186801
29547
526524
117743
203490
1236
31969
909932
1236
1301
91061
976
1239
1224
976
1239
32066
1224
544448
1236
91061
1301
501783
80864
2
1280
2
1224
1300
186826
2
2
1301
1304
2
2
1239
1224
1239
201174
976
1224
1300
186826
1224
1653
31957
90964
1300
186826
1224
2
2
2
1300
1300
1224
41294
41297
80864
481
1300
186826
1301
1578
1578
287
2
2
562
2
2
2
41297
80840
75682
1578
286
29465
1301
838
29465
2
29465
1301
838
29465
39778
39777
29466
29466
29466
39778
1303
1301
28132
29465
1301
906
1257
838
29465
1301
838
1301
123375
906
1301
906
29465
29465
1301
1301
29465
29465
2
1301
2
1301
29465
838
2
29465
1301
906
1257
838
2
1309
29465
1598
2
713
2
2
1239
1224
976
203691
1117
74201
57723
1297
838
1301
848
482
713
32067
836
29465
32207
1378
194
117563
1016
157
292486
1253
286
459786
1239
31979
836
157
2740
195950
1716
2
20
469
32008
13687
191
379
47420
265
1839
32067
1257
838
1301
713
482
848
1378
32067
836
29465
1301
2
713
75984
34104
135625
712
713
2
286
1253
459786
286
2
294
2
2
2
2
1224
2
1301
28037
28037
2
2
713
713
713
713
40215
719
1301
28095
2
20
2
2
40323
1743
29330
1239
2
2
1224
1239
201174
816
1239
1239
186826
1239
40323
1743
29330
407
286
73029
528
2
1239
40323
1743
29330
407
73029
1239
1578
1239
1239
1578
1578
165696
165696
1239
1224
2
2
2
2
1279
1578
1685
165696
139
158
239935
1239
976
1224
201174
32066
1239
1224
1239
1224
1239
1224
976
2
2
2
2
2
1301
1239
976
1224
201174
32066
1239
976
1224
32066
203691
1224
201174
1224
1239
1224
976
1239
1224
976
1239
1224
1239
1224
1239
1224
1239
1224
1301
482
1301
482
1301
482
1310
1309
2
1578
1654
1678
1239
976
1224
201174
32066
1239
816
1224
2
2
1239
1224
976
1224
1239
1239
1224
1301
482
2
482
482
2
2
2
47715
1224
2
2
2
156973
893
43996
28124
286119
43997
28131
43994
194
265975
28263
265975
1883
2
2
2
2
2
570
287
1313
837
158
28112
2
2
2
2
2
2
2
837
851
58231
158
28131
851
837
1301
851
76122
257758
486
2
2
43994
43996
194
28131
108058
43995
43997
28263
265975
1883
76122
39778
59561
28132
2
156973
44249
2093
194
28124
286119
108058
824
40542
28132
893
28131
109328
1657
76833
28263
1883
76122
1343
39778
28136
28137
59561
470565
28129
237576
2
43996
43997
28131
28263
1883
1318
39778
59561
2
893
28131
76833
28263
1883
1343
39778
59561
2
156973
28124
286119
2
2
2
43994
194
265975
43995
108058
855
204
1378
837
851
158
58231
28131
156973
893
43996
28131
28124
286119
43997
838
28131
28131
2
28131
2
28124
28124
156973
286119
893
43996
43996
43996
43994
43995
43994
43995
43994
2
265975
1883
28263
2
265975
1883
59561
2
33033
824
53419
39950
1305
28112
851
143361
824
851
143361
2
2
2
2
2
2
156973
893
43996
28124
286119
43997
28131
43994
265975
1883
28263
1773
2
2
365348
2
28124
163665
555313
59561
146
508458
157
29465
724
32067
1338
2
2
2
1239
1224
976
146
508458
95818
544448
1301
47670
482
265975
1654
838
970
1654
838
970
157
482
265975
970
1016
724
32067
29465
488
327575
1434006
837
1338
2
2
4751
2
2
1239
1224
976
146
508458
146
508458
2
2
157
146
29465
724
32067
29465
1301
29465
724
91061
729
724
1654
837
158
837
837
837
1338
488
488
2
508458
29465
1301
2
837
837
2
837
482
2
2
2
837
158
28112
2
837
158
28112
2
2
32066
1239
201174
1224
848
1301
848
1239
2
851
976
1224
203691
32066
1239
201174
32066
1239
848
1301
1239
1224
1239
201174
1239
201174
1239
201174
203691
544448
508458
848
157
1301
1654
848
838
482
1016
1301
1578
543311
162289
32207
29465
848
838
1016
1301
29465
543311
1578
32207
848
482
1301
29465
543311
1578
816
194
1016
32207
848
1301
1301
848
1301
1301
848
482
1301
848
482
1301
1654
848
1301
1654
848
848
1301
848
1654
2
32066
1239
32066
1239
201174
1224
848
1301
848
851
848
851
2
848
851
2
2
2
848
851
976
1239
201174
848
1301
1301
848
1301
848
848
1301
158
146
157
158
157
851
848
848
851
851
2
851
851
851
158
28037
1328
837
158
195950
158
158
837
714
32067
2
2
2
837
714
28112
28131
837
714
28112
28131
32067
1283313
837
714
32067
1283313
714
837
32067
837
714
32067
2
2
837
714
2
837
837
837
2
2
2
2
2
837
837
714
837
837
32067
2
32067
32067
91061
1129771
203492
32067
32067
32067
32067
32067
32067
837
714
32067
837
714
32067
2
2
1309
837
210
2
2
157
837
837
32067
32067
109328
1654
970
1716
194
1301
848
482
838
1301
848
482
32207
1301
848
482
838
848
1301
838
29465
1716
1654
194
970
970
1654
32207
265975
543311
265975
2
1301
848
838
482
32207
1301
836
838
1301
1716
1654
970
194
1654
970
543311
33033
265975
33033
117563
482
2
2740
2
2
46124
2740
117563
2
2
2
2
117563
482
2
837
2
2
2
2
2
2
2
2
2
117563
482
117563
482
2
2
2740
117563
482
2
2741
46124
495
1239
1224
201174
1239
1224
201174
1239
1224
976
1239
976
1239
2
1239
2
2
2
2
2
47670
838
1301
39948
44259
1301
724
2
158846
1654
239934
117563
2
2
2
2740
39948
836
1578
32207
1016
117563
47670
2717
416916
2
2740
39948
32207
2717
482
2740
1578
117563
2740
1578
2
2
2
482
117563
906
2740
482
482
46124
137732
482
28449
495
267212
482
482
495
28449
29434
28449
482
2
495
46124
2740
46124
495
2740
2
46124
2740
46124
2
1239
2
2
837
2
2740
482
482
46124
117563
1301
2
2
482
29434
2
2
2
482
46124
137732
46123
46124
487
490
32067
265975
1301
1380
1730
123375
32207
44259
906
32067
724
816
470
573
286
470
253
1279
253
1279
976
1224
1239
32066
201174
1239
976
31953
135621
815
1236
816
906
32067
724
44259
2049
1653
1268
1300
186806
186803
186804
203492
1129771
135621
82115
712
1236
32067
265975
1301
1380
1730
724
123375
32207
1268
1300
186806
186803
82115
2268179
1730
32207
1301
265975
2
2
203492
1129771
135621
2049
1268
1117
1300
186806
186803
216572
128827
82115
1236
2
543
641
135621
1236
724
286
286
724
286
2
712
2
816
906
32067
44259
1386
906
32067
1578
2
2
906
32067
32067
265975
1301
1380
1730
123375
32207
1301
1654
32207
1730
265975
86331
2
1654
1301
1730
1301
32207
1380
32207
265975
1730
32207
1301
265975
2
2
2778071
482
1654
1301
729
724
416916
32067
1578
2
2
171550
186801
186804
543
31953
1239
976
1224
201174
171550
186806
186801
1898207
186802
186804
31979
31953
543
85004
91347
909932
1239
976
1224
201174
32066
95818
203691
84999
84107
468
1236
1224
1239
976
201174
1224
32066
80864
85021
186828
1239
976
1239
171550
171550
186801
186801
186804
186804
31979
1502
91347
543
543
543
543
31979
1678
216816
31953
1678
84107
1236
475
475
171550
216816
1678
216816
1313
32207
1578
1236
2
727
1313
1280
543
287
562
573
1239
201174
1224
976
203691
508458
95818
544448
1632
47770
1280
727
543
727
1280
543
287
562
573
1313
1496
2
186802
1496
2
286
222
32008
724
1279
40323
838
29465
848
1301
286
222
32008
724
1279
40323
1654
848
836
838
29465
1378
117563
32207
1301
286
29465
848
836
286
1654
1301
838
286
32008
222
724
29465
848
836
2
2
2
2
838
117563
1257
123375
43996
86331
724
1716
1016
1279
1239
976
816
838
1263
838
816
2
2
1239
1224
976
1301
482
724
838
836
29465
1378
32207
117563
848
1654
1283313
526524
200643
1236
117743
171549
526525
135625
80840
200644
85007
135615
135614
171552
186828
128827
186807
32033
80864
868
712
119060
49546
1653
90964
838
117563
1257
123375
86331
43996
724
47670
1016
1716
1279
2717
40323
1279
2
2157
838
117563
117563
838
724
1496
5475
2717
838
47670
1716
2717
2
838
117563
1257
123375
43996
86331
838
838
171552
838
117563
117563
2
1257
86331
43996
2
838
117563
838
2
33033
43997
117563
1280
1747
1239
1280
1747
1280
1747
2
1578
1239
201174
1224
976
1239
201174
1385
1239
1743
613
1224
1279
1280
1280
1280
1280
1280
1279
1282
1743
1747
82995
1280
1747
82995
1716
1280
1747
1280
1747
1239
1280
1747
1280
1280
1280
1280
1280
1280
1747
2
1747
2
1280
5052
1280
1280
1280
2
1590
2
1280
1279
1280
1747
853
1280
1280
1280
61434
32207
724
724
265975
1239
976
1224
201174
201174
1239
1300
712
186803
712
186803
1300
32207
724
724
265975
1301
724
1301
416916
265975
32207
838
123375
1730
32067
1283313
265975
186803
729
1078480
32067
838
1380
43675
29465
102148
46124
1305
1301
1654
726
1301
836
838
1318
671218
488
45634
724
265975
724
265975
186803
216851
1263
841
186803
216572
186803
186803
265975
186803
265975
186803
265975
186803
186803
1305
265975
265975
848
495
28037
1016
29465
186802
2
2
2
2
2
1301
1378
117563
29465
2
2
851
199
1301
1378
117563
29465
32207
848
1654
836
1016
1301
29465
1378
117563
848
1716
32257
838
217201
1016
836
194
1654
724
2
851
203
2
714
837
2
837
2
1380
906
29465
177971
32207
906
29465
2740
32207
157
1309
1301
29465
1654
117563
32067
32012
1301
117563
1654
84162
1578
906
133925
196081
177971
84162
1301
1301
29465
32067
970
848
1016
836
1239
976
1224
201174
838
482
29465
1301
32207
724
836
32067
1654
848
1283313
32207
177971
713
59735
1434006
724
2093
1743
1283313
1380
47670
906
970
29465
1283313
1380
47670
906
32207
970
177971
29465
59735
1016
724
482
836
1301
1380
906
838
970
29465
713
44259
2740
29393
538
1380
906
29465
177971
32207
1380
906
29465
906
29465
2740
32207
157
59735
1016
724
32257
482
836
838
32207
970
1301
29465
59735
2
2
906
29465
2740
32207
157
906
29465
2740
32207
157
2
1380
906
29465
1380
906
1380
1380
29465
29465
1301
29465
177971
32207
177972
177972
177971
177971
32207
32207
32207
1301
1309
1301
1301
1309
1305
1303
1310
28037
1301
2
1301
1309
1301
29465
2
186826
1654
32067
2717
482
2
2157
4751
2
2
1309
2
482
416916
2
837
714
1309
91061
1239
186826
1301
1164882
1239
1654
32067
2717
482
2
91061
186826
1716
1309
2740
836
196082
1716
838
416916
538
186826
1239
2
837
714
1309
2
186826
91061
1879010
186826
2
1239
186826
2
1224
201174
186826
186826
2
186826
47715
186826
186826
186826
186826
186826
416916
1654
32257
32067
2717
838
416916
712
1224
1654
32257
1224
32067
2717
194702
838
838
28132
2
482
482
482
1578
482
2
976
1239
186804
186804
2
2
2
2
2
186826
1654
482
186826
2
1309
2
1301
2
1309
2
2
2
47715
2
2
47715
1301
1598
724
416916
1654
32257
505
32067
2
194702
838
482
1578
1678
2
838
816
836
482
1378
29465
906
1224
838
816
838
816
816
838
838
816
838
816
838
816
838
816
816
816
816
838
838
816
838
816
2
838
816
838
727
727
724
287
727
724
724
724
724
724
727
724
724
724
724
724
727
727
1280
95486
287
1313
724
724
724
724
724
2
287
287
727
287
727
287
29465
727
2
1280
727
727
724
29465
838
286
286
482
727
287
67719
287
487
186827
1653
75682
90964
468
75682
1224
186827
1239
1653
90964
1239
1653
2
480
2
201174
1224
1239
1653
1653
1224
75682
468
75682
1239
186827
90964
1653
186827
468
90964
1716
1651
475
1279
29580
75682
2
2
75682
1224
186827
1239
1653
1653
90964
75682
186827
1653
1653
75682
468
186827
90964
1653
90964
75682
186827
468
1653
186827
90964
1653
75682
468
201174
1224
1239
1653
1653
38284
1653
2
1653
1224
75682
475
468
475
475
75682
186827
1239
186827
75682
1653
186827
1651
1651
1651
1652
1652
1652
90964
1239
90964
1279
1280
1280
75682
1716
90964
1651
186827
75682
1716
1651
1653
75682
468
475
1716
475
1716
186827
90964
1280
2
1653
2
2
1653
90964
75682
186827
38284
1224
1651
1652
1652
1652
1652
1239
976
34104
1336
1224
225324
1239
201174
976
1224
816
1239
816
1239
816
1239
1016
836
29465
29465
836
1654
1239
976
1239
135083
416586
29466
1018
879969
1224
1107316
203
28133
826
29316
396015
35756
210
1239
976
203691
544448
200795
1239
1224
201174
2753
135083
416586
29466
1107316
203
1018
879969
28133
29465
1301
838
1578
29465
1301
1730
29465
848
29465
186826
2
2
1239
1239
1239
976
1224
32066
29465
1730
848
29465
1301
848
1301
29465
482
29465
186826
1485
186826
29465
1678
29465
1485
482
1730
1301
1485
1678
482
482
1301
1485
1485
1485
29465
848
1301
1730
482
29465
186826
1485
29465
29465
1301
29465
29465
29465
29465
29465
29465
29465
1301
848
29465
29465
1301
1301
29465
1301
29465
29465
1301
482
29465
1301
29465
29465
29465
186826
1485
1578
186801
1578
1578
1578
1485
1578
2
186802
186826
29465
1678
29465
1485
482
1730
186801
482
482
482
1678
186801
2
2
2
2157
816
29466
2
2
1485
186801
186801
1239
1224
74201
28890
838
80864
186826
171549
216572
838
2
2
714
158
837
837
837
2
837
1239
976
32066
1224
544448
201174
28890
1117
74201
256845
508458
74152
1239
1224
74201
28890
816
1301
848
838
848
838
543311
836
195950
39948
44259
157
1730
186802
816
171550
848
1301
820
216572
28124
76122
838
80864
186826
171549
216572
838
135083
32067
195950
194
28113
671218
848
113107
195950
186803
265975
838
439703
482
113107
838
32207
46124
1501332
836
186804
439703
28137
28129
84109
200
836
218538
341694
28124
76122
28136
51160
203
143361
33033
837
171549
1239
838
171551
837
550
976
1239
1224
74201
28890
28890
74201
1224
74201
239935
74201
848
838
543311
836
195950
39948
44259
157
1730
838
80864
186826
171549
135083
32067
195950
194
216572
838
216572
838
2
838
838
76122
28136
28135
171549
28124
203
218538
33033
143361
84109
157
838
265975
195950
32067
970
848
113107
838
172042
46124
1501332
836
113107
46124
848
128827
186803
28890
74201
1224
837
837
28124
851
837
714
837
2
2
714
2
2157
4751
2
837
837
837
543
186802
1496
239935
838
2
2
836
172042
837
816
2
2
4751
2
2
2
1279
543
573
570
1279
1350
848
2
848
848
2
1279
286
838
29465
1301
2
2
2
1279
286
2
2
4751
2
2
2
2
1301
1313
1301
1301
4751
848
2
287
32008
401469
48736
374
504481
407
724
1301
838
1301
724
838
1301
1301
1716
475
1716
287
12916
12916
12916
2
1773
817
851
2
851
851
851
817
2
963
2745
22
2745
22
1743
34072
2
4751
1224
1239
848
1224
12916
286
12916
41275
283
114248
28065
570
88
52972
165779
12916
570
114248
28065
165779
12916
570
28065
165779
12916
1263
119852
75654
106591
379
12916
12916
12916
570
2
2
12916
2
12916
570
28065
283
12916
12916
12916
2
2
210
2
2
12916
570
12916
165779
283
12916
12916
12916
2
2
2
817
2
2
2
2
210
12916
2
12916
12916
287
851
848
851
851
848
817
2
2
562
543
2
1678
1578
1678
1496
1496
1579
1597
1678
1678
203557
816
1263
186803
1496
1280
1496
1496
1496
1496
1579
1597
1678
1678
203557
816
1263
186803
203557
203557
203557
543
203557
203557
203557
543
31977
203557
1496
816
816
816
1496
816
186803
1263
1263
186803
1263
1496
1263
1496
1263
1263
1263
1263
1263
1263
1496
1496
1496
203557
816
1263
1496
1496
1280
1496
1496
1485
1496
1496
1496
1485
1496
1496
1485
47715
1496
1485
1496
1496
128142
33038
2
1496
1496
1496
1496
2
1224
469
12916
1239
1301
838
2
83558
727
1224
1239
1224
1239
201174
74201
32066
1117
57723
1224
1239
976
1239
1224
469
12916
1224
416916
724
482
838
1678
1301
1239
1263
1239
239934
74201
1239
976
1224
1239
1263
1279
216851
1301
1224
469
1239
1301
1224
482
724
1239
1578
1716
1743
1743
1239
1224
469
1224
482
475
724
469
286
48736
469
469
469
469
2
469
1301
1239
838
1678
724
1224
1301
838
1678
1224
1239
1224
469
83558
83558
727
2
287
1224
838
469
469
469
469
1301
2
1301
1279
32207
29465
724
1743
1716
39778
2
2
1300
90964
1224
135621
1282
1280
28037
1301
2
2
29465
28132
28131
848
1117
356
1239
1224
201174
816
1300
1301
1279
32207
29465
724
1743
1716
1301
29465
32207
1578
816
906
1268
1300
1737406
43675
1301
2762318
724
39778
165779
150022
1743
1747
29465
39778
400634
2129
29465
31977
39778
1301
29465
482
2
2
2
29465
1301
1279
32207
724
1279
1301
1743
400634
2129
2129
2129
2129
2129
1743
29465
29465
2
29465
1224
1300
135621
31953
1578
1117
356
2
1353256
485
813
2093
2129
2098
1309
1613
1654
482
1309
1613
482
2
1309
1310
2
2
1309
1309
1309
1309
1309
1613
482
848
201174
1224
1239
32067
848
1716
838
1016
1654
1578
724
1301
1654
171549
43996
543311
838
195950
1578
29465
482
713
1309
1613
1659
482
1309
1613
1659
482
39778
2
2
2
1309
1301
1301
1654
1309
1309
1309
1301
1578
2
1309
1613
482
838
195950
171549
1224
976
1309
2
2
1309
1578
1309
2
2
2
1309
1613
1654
482
2
2
1309
1309
1309
2
1309
1310
1309
1310
1578
1309
1496
1492
1492
1492
1492
1239
1485
1578
1492
2
1492
1492
1492
1492
1492
1492
1492
1492
1492
1492
1492
1492
1239
976
1224
201174
1239
1578
216851
1485
572511
841
2
216851
158846
838
816
1578
1485
543
1492
1239
2
2
1492
1492
1492
1492
1492
816
561
572511
216851
841
1239
1492
2
816
561
2
572511
216851
841
1492
33024
841
572511
216851
1485
292632
1263
33042
816
1492
1492
1492
1492
1492
1492
1492
1678
1492
1492
1492
1492
1492
1492
1492
1492
2
1492
1678
47715
2
1492
1678
2
2
817
1282
117563
43996
838
1301
2
2
1301
1301
713
1301
713
837
1302
851
2
2
2
2
2
2
2
2
2
2
2
2
1280
76777
1313
