2
2
1239
1224
2
31957
33958
2
2
2
2
2
2
2
2
2
2
976
1239
1224
31957
1653
90964
1300
2
2
2
2
1239
186802
216572
186803
171552
815
2
2
31989
356
85023
85015
33958
2
33958
33958
2
33958
2
2
2
2
2
2
2
2
2
1280
2
590
2
2
2
2157
4751
2
1325849
1596
2
1325849
1578
1578
47770
1596
147802
838
1380
906
543311
2
1578
147802
838
1380
906
1578
2
838
1380
168808
47770
47770
147802
109790
1596
1578
47770
1325849
47770
147802
47770
1578
147802
47770
1578
2
1380
906
2
838
2050
1325849
562
2
2157
2
2
2
186801
186803
216572
816
816
1578
1743
1301
2
1301
1743
1716
1578
816
712
1301
848
838
29465
1716
1279
186802
239759
375288
1578
816
1301
712
838
1301
1716
1716
1578
1578
1578
1578
1578
816
239759
375288
816
816
816
123258
85831
151419
821
171552
85831
151419
821
816
85831
821
85831
151419
821
816
186804
91061
2037
1300
1301
848
482
1301
29465
848
186826
838
1378
1743
1279
1716
1578
1279
1743
165779
1279
1279
1301
1301
2
2
2
2
2155
2085
2098
2093
2093
2093
2097
2097
2097
813
485
813
485
2097
2092
813
485
2097
2097
482
482
485
2093
2093
2093
2097
2098
2098
47770
147802
2098
2098
2098
2097
1257
168808
543311
2093
2093
2098
2093
2098
2098
2098
2098
2098
2098
2098
2093
2093
2098
2093
2098
813
2097
2097
2
2
2
1578
2098
2098
2130
2098
2098
2098
2098
2098
2098
4751
2
2
1596
33959
33959
33959
1596
33959
1596
33959
4751
2
2702
1772
2
2157
2
2
1578
1578
2
1578
2
2701
2
2
210
1578
1578
1578
1578
1578
810
2
1578
1578
1578
1578
1578
1578
838
1380
906
168808
1578
1578
1578
1578
2
168808
543311
39948
1578
838
1380
906
168808
1578
2
1578
1578
1578
1578
1578
147802
47770
1596
109790
1578
1578
1578
147802
47770
1596
109790
147802
47770
1596
109790
1578
147802
47770
1596
109790
147802
109790
1578
1578
1578
147802
147802
1596
109790
109790
1578
47770
47770
1578
1578
1596
147802
47770
1578
2701
2701
2702
2701
2
1578
1578
2702
82135
1578
1578
485
813
2701
2702
2
2702
82135
2702
1578
1578
1578
40543
33036
1261
109790
109790
47770
1596
147802
109790
47770
47770
47770
168808
1578
1380
1578
47770
147802
1578
1578
109790
181675
1261
33036
40543
1578
1578
1578
2
40543
1261
33036
2
40543
1578
147802
1596
147802
147802
1578
147802
1578
109790
181675
1578
1578
2
2
1624
851
848
1579
1224
2
1224
543
547
1224
1743
1301
1301
1279
1578
2
1224
543
1301
543
547
561
1743
1578
1385
2
1578
1743
1678
911
1485
2
543
2
186817
1300
1239
90964
2
2
2
2
2
2
2
2
2
2
817
1596
1245
1624
247
216816
1681
1683
1578
1678
817
2
2
2
1678
2
1678
2
2
2093
2129
1301
1578
2
1301
848
2
2
2
1301
848
2
2129
2129
2129
2129
134821
851
1311
1301
547
1236
47770
1578
47770
562
339
1747
1578
469
1308
47770
40214
848
547
1308
848
2
47770
47770
47770
47770
47770
47770
562
562
562
47770
2129
47770
2
2129
1311
1301
2
848
1308
848
1301
2
851
59735
2
76122
482
2
2
561
547
2
2
2085
2130
2130
2098
2130
2130
2085
1301
851
851
851
2
2
2
2
2129
851
2
2
134821
134821
1485
47770
562
59735
1280
1280
1280
1280
1280
1279
1280
976
1239
1239
40518
976
1239
2
1280
1678
1280
2
2
1578
2
1578
147802
47770
147802
47770
1578
47770
1596
147802
109790
2
1578
2701
168808
838
1578
2702
2
906
168808
1578
1257
29465
2
2
82135
2
2
2702
28125
2052
187101
40543
2
2
1578
47770
109790
1596
1578
1578
168808
1578
147802
1596
2702
1578
1578
1261
33036
40543
1257
851
47770
82135
2702
147802
1578
1578
1578
1578
1578
47770
1578
147802
1578
1578
147802
31953
186802
174708
33958
1578
1578
47770
2
2
2
2
2
1578
1578
562
1578
47770
2
1587
2
1578
1624
47770
1596
147802
82135
2
2
813
2702
2098
1203033
851
851
851
851
209
2701
2702
1309
5476
562
562
1578
2
1578
816
1578
1743
1301
1279
561
570
1301
1279
1716
816
838
816
816
561
570
1743
1301
1578
1578
1743
1578
1301
816
1578
1678
1578
1678
816
1578
1678
816
816
816
816
1678
1578
2
1301
2
2
816
816
816
816
816
816
1678
1578
816
816
1224
1300
186826
2
2
1301
1304
2
2
1239
1224
1239
201174
976
1224
1300
186826
1224
1653
31957
90964
1300
186826
1224
2
2
2
1300
1300
1224
41294
41297
80864
481
1300
186826
1301
1578
1578
287
2
2
562
2
2
2
41297
80840
75682
1578
286
1578
2701
838
1380
1380
2702
1380
2702
813
1578
47770
1596
147802
109790
147802
47770
2701
838
1257
2
1578
82135
186802
2702
1633
562
1280
1578
1578
47770
1578
1578
2
2701
838
1380
1578
2
838
2701
1380
39948
1578
1301
1375
1578
1578
47770
1596
147802
1578
2
2701
838
1380
168808
1578
2
286
1696
1257
1350
1301
1743
1678
620
2
2701
838
1380
1578
168808
1129771
906
31977
286
1253
33958
1696
85019
1380
216851
2702
838
1380
2701
2702
2702
1578
147802
168808
906
543
168808
1578
2
2701
838
1380
39948
2
286
1696
1257
1350
1301
1743
1678
620
1578
1380
2702
2702
2
2702
838
1380
838
2701
1380
168808
1578
2
2702
1578
813
1624
2702
28125
2701
2702
2702
2
853
853
2702
562
171550
186801
186804
543
31953
1239
976
1224
201174
171550
186806
186801
1898207
186802
186804
31979
31953
543
85004
91347
909932
1239
976
1224
201174
32066
95818
203691
84999
84107
468
1236
1224
1239
976
201174
1224
32066
80864
85021
186828
1239
976
1239
171550
171550
186801
186801
186804
186804
31979
1502
91347
543
543
543
543
31979
1678
216816
31953
1678
84107
1236
475
475
171550
216816
1678
216816
1578
1578
1578
1578
838
906
906
838
177971
1578
2701
1578
1578
1578
2701
2701
2701
2701
47770
1578
109790
147802
1578
47770
1578
2
1280
1280
1280
1280
1280
1280
1280
1280
1280
976
1224
1239
186826
1280
1280
1716
1282
1280
1280
1280
2
1280
1280
2
1280
1280
1280
1280
1280
1280
1280
1279
1280
1280
1280
1280
1280
1280
1280
1280
1280
1280
1280
1280
1280
1280
1280
1280
1280
1280
1280
1280
1280
1280
1280
1280
1280
1280
1280
2
1280
1280
1279
561
1716
162289
1578
2701
838
1301
13075
1280
57493
1743
1485
76833
66831
194
1269
419014
1161127
1386
1280
147802
620
52242
47770
2702
1311
1282
147802
2702
1280
849
28125
1280
52242
47770
1280
2702
1280
1280
724
2701
29465
547
1350
1279
160674
168808
1280
1578
150022
162289
165779
37914
1743
123235
2050
1678
1280
1280
1280
1280
1280
1280
1280
1280
1280
1280
1280
1280
1280
1280
1280
1280
2
2
1578
47770
147802
1596
109790
2
838
2701
1380
906
1596
109790
47770
147802
2702
1311
2
1280
1280
1280
1280
1280
1280
1161127
547
1280
1279
1678
1280
1578
1311
1280
1311
1280
2
2
2
210
1280
1280
1716
1280
1280
1280
1280
1280
1280
2702
1280
1280
1280
2701
1280
1590
1590
1280
810
482
813
1301
1301
813
485
1578
1578
47770
1325849
47770
1325849
2702
82135
906
168808
838
1578
1578
1578
2
1239
201174
2701
168808
1578
1578
1578
1325849
1578
1325849
147802
2
1325849
1325849
1578
1325849
1578
1578
1325849
1325849
1578
1578
1325849
82135
186802
2702
2
1311
561
2097
109790
5478
2702
2
147802
147802
147802
147802
147802
147802
1578
1578
2701
816
2050
2701
1380
838
168808
2050
147802
47770
147802
47770
47770
1578
147802
1578
2701
838
1380
2050
168808
1578
1578
838
1380
147802
147802
1578
1578
47770
1596
2701
168808
838
147802
1578
47770
147802
1578
47770
2
2702
1578
147802
147802
1578
1578
47770
1578
147802
1578
485
813
2
1578
2
2
1578
2
2
1239
1239
2
1239
2
1239
1239
1578
838
1301
216572
84107
1380
39948
84107
1380
2
1578
1578
84107
1380
2
562
2
2
1578
2
1578
2
2701
838
168808
177971
147802
1578
47770
1596
147802
109790
2
2
2
2
1325849
1578
1578
2702
1578
2701
838
168808
1239
201174
2
39948
1380
1485
147802
838
2701
1578
147802
1578
181675
97478
1623
1623
1578
1578
147802
1578
2
2701
838
168808
177971
1485
1380
39948
2
1578
147802
1578
177971
2701
168808
2701
838
1375
1578
1301
2
1578
2701
838
2
1578
147802
1578
1578
1578
147802
147802
147802
2
2
1578
147802
1578
147802
2
147802
2
147802
147802
147802
147802
2702
147802
1325849
1578
1578
47770
1596
109790
47770
1596
109790
47770
1578
181675
97478
1623
1578
177971
147802
1613
1613
109790
147802
147802
2702
147802
1613
1596
109790
2
147802
2701
838
2
838
2
1380
2701
1380
2701
1578
147802
2701
2
1578
2
147802
2
2
813
1578
2702
1578
82135
2
2702
147802
147802
1578
1578
1301
1578
2702
2
2
2701
47770
1596
147802
2702
1578
1578
813
1578
286
838
2
147802
1578
1578
1578
1578
2
168808
2701
543311
1378
39948
1578
109790
1578
838
2701
168808
1578
147802
227943
109790
386414
28125
165179
1970790
28125
165179
28130
2702
816
1578
2701
838
147802
147802
2702
82135
40543
31977
147802
2
2
2
816
853
163011
165179
1578
1578
163011
165179
163011
1578
1578
1380
286
2701
147802
147802
2701
838
1380
1578
1578
47770
109790
227943
147802
109790
1578
1578
2
1578
147802
147802
47770
1596
1578
1578
162289
165779
1716
150022
838
1578
2
1578
163011
165179
1578
1578
2
2
1578
1578
1578
2
1578
2
2157
1578
1578
2
1239
1224
201174
29465
29465
2
1578
2
2
2
1239
1224
201174
1578
1301
1279
1578
2701
1279
1578
1279
2701
2
1578
1578
1578
47770
147802
109790
1578
1596
1596
1596
1239
1578
547
469
29465
29465
2
29465
1760
2
1328
1328
1328
1328
1328
1328
1301
2701
1578
1301
1328
1328
1328
1328
1328
1328
2
2
1328
2
562
1301
1280
1282
1351
2
562
2
2
1328
1328
1328
1328
2702
47770
1596
109790
1301
1578
2701
1301
1328
47770
1328
1328
1328
1301
1328
1311
1328
1328
1328
1328
1328
1328
1328
1328
1328
1328
1328
1328
1328
1301
1328
1328
1328
1328
1328
1328
1301
1328
1224
1224
2
2
2
1578
2701
2093
838
1578
1578
1224
1224
204458
80840
356
1224
1239
1224
1224
1578
1578
1578
1224
1224
2
2
2157
2
1224
2702
1224
5476
2
2702
2701
2
813
485
976
1239
32066
544448
1224
137
1637
2
1678
2
1578
2701
1380
838
168808
906
29465
848
1301
1279
2
2702
1578
2
2
2
1578
1578
1578
1578
82135
2702
2
47770
2
2
2
2
2
1578
2
838
2
2
2
2
2
485
813
1578
1578
1578
1578
1578
485
813
906
168808
2
2
2
2
2
2
2
82135
2702
2
2
1578
1578
