286
1301
838
848
724
29465
836
2
32025
2
2
2
1224
1239
286
1301
838
848
2
2
286
1301
838
848
724
29465
836
2
286
724
286
286
286
724
286
286
286
724
724
286
724
724
286
2
2
1224
286
1239
1224
2
2
67825
287
2157
976
1239
1239
976
57723
1224
28216
28221
815
171549
186802
1760
1385
80840
2
2
2
2
2
2
2
2
2
2
1279
2
1279
1279
1269
1279
286
1279
286
1696
1716
1386
34072
286
32067
80865
2
1282
287
287
287
287
34072
2
2
2
286
34072
32067
80865
2
1279
2
1279
2
2
1280
2
1279
1280
1282
1301
1743
1716
2
1280
1280
2
1279
1279
1279
1282
1280
1280
1280
1280
1280
1280
1280
1280
1280
1280
1280
1280
1280
1280
1280
1280
1280
1280
2
2
1282
1282
1282
1301
1716
1743
2
32207
2
1280
1280
1280
1280
1280
1280
1280
1280
1280
1280
1280
1280
2
1279
1280
1280
2
1282
1279
1280
1282
1280
1282
1282
1280
1279
1301
1716
1743
2
1280
1282
1301
1716
1743
32207
2
2
1280
2
2
1280
1280
1280
1280
1280
1280
2
1280
1279
1279
1279
1279
1280
1279
2
1280
1280
1280
1279
1280
1282
1301
1282
1280
1280
1279
1282
1280
1280
1280
1280
1282
1280
1280
1282
1282
1280
1280
1279
1280
1280
1282
1280
1239
976
1224
186826
216851
1678
216851
572511
848
836
1257
86331
128827
171552
84107
2
40520
2
838
2
2
851
2
2
2
2
1239
976
1224
2
1224
32066
508458
815
1300
203492
186804
31977
712
186803
216572
33958
816
1301
838
848
1257
724
1378
29465
117563
581
836
2
46205
572511
1578
841
189330
33042
2
28211
2
528
91061
1386
91061
216572
216851
216572
577309
375288
33024
50709
407
2
91061
186826
33024
216572
216851
2
171551
203492
186804
31953
506
848
203492
836
171551
1257
186804
1378
86331
570
44259
43996
970
216851
572511
28050
1678
31953
207244
135858
2701
31953
171551
848
1257
86331
216851
572511
1678
128827
171552
84107
186804
186804
1257
186804
836
86331
165779
84108
244127
102106
84107
872
1730
577309
128827
171552
84107
102106
1257
244127
186802
817
2
216851
189330
1263
33038
186804
815
216572
186804
33038
216851
1257
543311
47678
1485
216851
572511
216851
572511
856
371601
39950
1257
543311
1239
976
1224
816
1301
46205
1239
46205
2
1224
32066
508458
2
2
216851
216851
216851
216851
33038
33038
1678
848
856
848
848
836
171551
837
836
1257
2
171552
128827
171552
84107
2
872
2
851
2
2
856
851
2
2
853
128142
33038
1578
1678
856
851
848
836
836
2
2
2
2157
4751
2
562
1301
2
29465
1654
848
1578
1485
2
2713
2
2
2
1280
2
2
1578
2
1743
2
91347
543
2
2
85007
2
2
2
2
547
482
286
1301
1279
469
1485
286
237
848
1378
83654
445
745
1743
543
543
570
547
590
570
547
1743
1716
1578
1279
1301
2
2
2
2
2
2
2
470
1350
1496
2
2
2157
562
570
562
573
1239
816
1224
1239
976
1224
32066
194
209
838
29465
128827
482
2093
1239
590
194
747
1239
201174
1224
976
1239
976
201174
1224
562
1239
976
1224
201174
1239
1224
1224
201174
1239
976
1224
32066
200795
1117
200930
1297
65842
112
136
508458
976
1239
1224
32066
32066
1239
1224
976
1239
32066
976
1224
1239
976
201174
1239
1224
976
203492
468
33958
186803
1300
49546
33958
171551
49546
468
1300
33958
171551
468
481
1300
186803
543
171551
666507
33958
815
1300
468
481
80864
186803
33958
2049
1653
31957
85018
171551
49546
815
171552
2
49546
2
49546
171550
563835
89373
171552
1239
33958
186803
1300
186802
2092
186804
31979
33958
1300
33958
128827
186804
1239
1239
33958
1300
186803
1224
468
543
135621
481
976
1239
1224
32066
1224
976
201174
1239
976
1224
32066
200795
1117
200930
1297
65842
112
136
508458
1239
976
1224
32066
976
1224
1239
976
1224
2
976
1239
1239
1239
1239
976
32066
1224
2
2
2
2
194
209
838
29465
1301
128827
482
2129
2093
128827
194
209
209
1239
976
1224
32066
201174
2049
1653
31957
171551
1239
216572
1239
186802
1224
468
1224
543
1647
197
747
2
209
197
1239
209
201
590
209
590
590
83763
2
590
194
1637
2
1747
1747
1747
1747
1747
1747
1280
1747
1747
1747
1747
1747
2559073
1747
1747
1747
1747
1747
1747
1747
1747
1747
1747
1747
1747
1747
1747
1747
2
1747
1747
1747
1280
562
2
1346
1280
2
2
713
2
2157
1747
1747
1747
1747
714
562
55193
4751
4751
55193
55193
4751
4751
4751
4751
4751
4751
4751
4751
4751
5579
4930
104397
37463
55193
5476
5475
109632
55193
5533
4930
213313
5506
5251
27382
56494
4930
5206
109632
4751
55193
311222
311222
71941
64607
5369
63298
62701
4751
162425
178445
4855
304330
4930
4919
45234
34451
2810619
5204
34451
5206
41254
4919
5475
55193
29901
41254
4919
55193
104397
55193
104397
104397
80744
311222
604195
4903
4919
4919
4903
4909
4926
4919
4919
5475
4919
4919
5475
4919
5506
5506
5506
5516
5506
5506
5506
5506
5071
162425
5052
28569
5052
45301
45303
5598
237557
5209
5210
5410
5552
415704
5552
252740
252740
448053
83174
5631
5073
37463
5598
5579
5475
5498
5206
64899
28569
5506
4875
4930
4892
237584
5579
4930
104397
37463
104397
37463
104397
104397
4751
37463
4875
237584
4892
64899
4751
4875
237584
92860
4892
64899
4892
64899
64497
55193
5318
55193
55193
55193
55193
55193
55193
55193
55193
55193
55193
55193
55193
55193
55193
55193
4751
4751
55193
4751
4751
5206
5209
5210
5210
100951
5209
5206
5579
4930
104397
37463
55193
55193
4751
83174
5001
5429
4751
4751
4751
4751
4751
4751
28569
5052
37463
4892
5319
252740
55193
55193
77020
4751
5204
1716
1743
1279
1301
106589
407
215579
2
2
1239
1301
32207
210
1239
1224
976
1301
838
29465
482
724
2
1239
976
1224
32066
201174
1239
201174
32066
2
1239
976
1224
32066
201174
1239
201174
1239
976
1224
32066
201174
1239
201174
1239
201174
1301
32207
848
1301
838
28132
425941
28135
76122
28132
28131
201174
1239
1654
32207
1239
1301
848
201174
1239
1760
32207
1239
1301
32066
848
1239
1301
2
2
1239
32066
1301
2
1301
2
4751
1301
848
1301
848
1301
851
851
1239
32066
976
1224
201174
1449397
2
2
2
2
28131
2
45634
848
45634
848
851
851
848
2
1224
976
1239
2
976
1239
1224
976
1239
1224
2
2
1239
1224
976
1239
1224
976
1239
1224
2
2
2
2
2
2
2
2
2
2
2
2
2
2
1239
853
2
301301
853
2
1224
201174
469
2013
34372
4830
5498
2
4751
4751
4751
2
2
5061
2
4751
2
4751
1224
1236
28211
1629334
2
28905
1236
2026754
446
446
96229
414
414046
414046
1236
123258
392589
468
1236
469
2013
245836
758823
28221
1236
2013
414045
2
4830
64493
4890
5073
55067
82517
34373
5073
5073
4830
5073
5073
5498
5052
148958
5052
159075
42308
147538
74721
80390
74721
4751
206542
2810619
62131
4751
4751
4751
5498
4751
5073
46472
5052
5073
4830
2013
2013
1760
2
2
4751
4751
5073
5052
4751
2
245836
245836
4830
5498
34372
4751
5073
5052
4751
2810619
4890
446
2
414046
392589
468
245836
1224
4751
69773
1167584
4751
34373
4751
5052
74722
4751
4932
4895
162425
746128
4751
4751
4751
2
2013
2037
2013
83676
1760
2014
1280
1224
1716
1280
1280
1280
1280
1280
1280
1280
1280
2157
1280
1280
1280
1280
2
1239
1224
976
2
1239
201174
1239
1224
1224
482
724
1280
1280
1224
1224
1224
1280
1224
1743
1282
1716
1280
1224
1280
1280
1280
2
1716
1282
1716
1279
1279
1716
1279
1716
2
1239
1280
2
1283
1311
1328
1747
1716
848
1279
562
1301
547
1301
1301
2
1280
1280
1280
1224
1716
1280
1280
1239
1716
1279
1224
1224
1224
1280
1224
1239
1224
1224
1239
1224
1239
1280
1280
1224
1224
1280
1716
1716
1280
1280
1716
1280
1716
1280
1280
1280
1280
1224
1280
1280
1280
1280
1280
1224
2
1743
1282
2
1280
1280
2
1280
1280
1280
1716
1280
1280
1280
1280
1280
1280
1280
1280
1280
1280
1280
1280
1280
1279
1280
1280
1279
1280
1280
1280
1280
1280
1280
1280
1280
1280
1280
1280
1716
1280
1280
1280
1280
1282
1280
1282
1280
1280
1280
2
2
2
2
2
1280
287
1716
38304
1280
2
1279
1280
1280
1280
287
1280
1280
837
83558
210
287
2
837
714
28131
2
2
171551
815
1268
1300
72293
481
135617
33882
43988
100883
33926
47715
489
210
12916
12916
210
12916
265
12916
210
210
83558
837
171551
815
1268
1300
135617
72293
481
469
12916
489
287
286
2
286
2
2
2
12916
210
265
83558
2
83558
212118
1716
2
1279
1743
1279
286
1386
1743
1747
1279
1282
1716
55193
2
1279
201174
1239
1386
1301
2
2
2
1743
1279
2
1743
1279
1716
1716
1716
1279
1743
1716
2
1279
1743
2
2
2
1743
1763
1279
2
1279
1743
2
285515
1747
201174
1224
976
1716
90964
90964
90964
1716
90964
838
90964
838
838
90964
1716
90964
90964
1716
1716
90964
1716
90964
1716
90964
1716
1716
838
165779
90964
838
2037
469
216572
836
90964
1279
90964
90964
90964
1282
1280
2
2
2
1279
1716
2
2
2
2
2
2
2
2
562
2
2
287
287
287
2
1743
239934
2
1279
547
724
482
561
816
2
2
2
2
2
2
2
2
287
38304
1280
2
2
562
562
562
1224
200930
1239
201174
976
1224
543
1239
853
2
1239
201174
976
1224
976
543
562
562
562
562
562
1239
2
1239
1224
200930
2
1239
544448
1224
2
1224
1239
816
562
976
1224
1578
906
1578
209
1300
838
1263
265975
561
33042
118747
29465
52225
543
1578
1578
2
1578
2
210
210
210
32025
32025
209
543
543
562
816
1578
1239
976
1224
562
562
853
562
562
562
2
562
562
2
543
2
562
562
562
1224
853
562
2
562
562
853
2
2
2
2
2
1301
2
2
2
2
2
2
2
2
2
2
2
2
2
2
1239
976
1301
561
32067
469
1017
2
1017
1305
1302
2
2
1017
1302
1305
1017
2
1017
2
2
2
2
1017
2
2
2
2
2
2
2
2
1301
851
1107316
1017
554406
539
158
53419
82203
69823
2
2
1017
158
1017
851
539
158
2
2
2
2
623
2
1639
1280
28901
2
2
2
2
2
2
2
2
2
2
2
2
1305
1302
1017
2
1302
1017
2
2
2
2
2
623
620
2
666
851
158
837
2
848
1380
89583
47420
1578
210
2
1239
201174
976
1224
976
1239
848
1380
47420
89583
1578
13687
1224
1239
201174
976
1279
1747
2
848
1380
47420
1578
848
2
2
1624
2
851
848
210
210
210
210
2
1624
2
1496
80864
1301
80864
501783
209
1301
1301
1224
1239
976
80864
1301
501783
838
1743
209
29465
469
286
1386
1301
501783
2
80864
1301
80864
1301
80864
501783
1301
1301
1239
1301
1301
1301
2
80864
1224
80864
80864
80864
2
1301
1301
1301
29465
1301
501783
482
174708
1651
848
44249
1743
13687
1301
209
210
210
209
209
210
209
209
1301
257758
1301
1301
1301
1301
1301
1301
1301
1301
1301
1280
210
210
2
2157
157
838
836
1847
2
838
1301
32033
59732
119060
2049
137
2049
137
2049
137
32008
836
836
157
1654
838
407
1269
1847
1847
1269
1847
1301
32033
75682
1847
80864
212791
41294
29465
80864
838
1301
482
838
119060
2049
137
157
836
1847
1847
4751
838
28133
837
1654
838
836
837
836
837
1847
1847
1847
2
165179
2039
837
1847
1813
2
837
837
817
2
816
189330
221216
203682
816
33024
375288
872
283168
286
561
469
1578
1386
817
2
817
221216
2
2
2
562
817
817
817
817
2
74201
816
186802
189330
286
41275
1224
1239
976
201174
74201
201174
1117
1224
203682
976
221216
816
33024
283168
375288
1578
286
1386
561
469
816
817
820
35832
848
511
1396
1578
28132
286
91061
1584
2
2
33042
189330
841
86331
817
817
817
2
2
256845
74201
2
2
2
2
1117
201174
976
1224
203682
2
221216
2
2
74201
817
2
817
817
817
817
1263
841
574697
35832
872
33024
1584
1624
1502
1224
209
1578
1350
1678
1485
543
239935
872
112
851
511746
74201
851
848
221216
851
817
1117
817
2
817
2
1350
1279
216851
1263
1280
976
1239
201174
32066
1239
976
1350
1279
286
1016
1263
841
216851
32207
724
724
135621
303
294
135621
287
1016
327575
1019
1017
1743
816
1350
1279
836
286
1016
40323
838
1279
40323
836
1350
469
1279
1350
836
1350
836
1280
615
40324
613
40323
286
286
287
216851
2
1496
1350
287
91061
2
573
1280
2
2
108010
2
2
837
2
2
837
1351
1260
836
561
1279
286
1301
836
561
2
714
714
837
714
837
714
837
837
1351
1260
836
561
1279
836
561
1279
286
1301
837
43675
561
1279
286
1301
117563
837
561
837
837
836
561
837
1351
1260
287
1351
1260
1260
287
561
836
561
1279
143
1279
837
837
837
714
810
837
837
837
837
837
837
837
2
2
837
2
714
837
837
1260
150022
1260
1351
2
287
837
837
837
837
837
1224
1239
976
32066
544448
2
28211
91061
200643
200643
28216
186801
29547
526524
117743
203490
1236
31969
909932
1236
1301
91061
976
1239
1224
976
1239
32066
1224
544448
1236
91061
1301
501783
80864
2
1280
2
2
2
40323
1743
29330
1239
2
2
1224
1239
201174
816
1239
1239
186826
1239
40323
1743
29330
407
286
73029
528
2
1239
40323
1743
29330
407
73029
1239
1578
1239
1239
1578
1578
165696
165696
1239
1224
2
2
2
2
1279
1578
1685
165696
139
158
239935
976
1239
976
1239
838
210
848
2
816
841
1263
459786
836
1257
543311
848
848
239759
239934
2745
22
216851
572511
1485
186803
33042
1239
976
1239
838
838
1239
2
1239
838
1239
976
976
1239
543311
165779
1301
848
2
1239
1239
976
838
1239
848
1257
543311
34072
75
283
848
2
1239
976
1239
976
838
1239
976
838
838
1239
1239
976
838
976
1239
848
836
165779
543311
117563
838
2
1239
976
1239
851
851
848
2
2
32066
1239
201174
1224
848
1301
848
1239
2
851
976
1224
203691
32066
1239
201174
32066
1239
848
1301
1239
1224
1239
201174
1239
201174
1239
201174
203691
544448
508458
848
157
1301
1654
848
838
482
1016
1301
1578
543311
162289
32207
29465
848
838
1016
1301
29465
543311
1578
32207
848
482
1301
29465
543311
1578
816
194
1016
32207
848
1301
1301
848
1301
1301
848
482
1301
848
482
1301
1654
848
1301
1654
848
848
1301
848
1654
2
32066
1239
32066
1239
201174
1224
848
1301
848
851
848
851
2
848
851
2
2
2
848
851
976
1239
201174
848
1301
1301
848
1301
848
848
1301
158
146
157
158
157
851
848
848
851
851
2
851
851
851
158
28037
1328
837
158
195950
158
158
1280
2
1280
1301
838
583
562
1350
1224
2
1350
543
2
2
2
570
562
547
2
2
2
2
543
1716
1301
28132
43675
39778
1747
222
1716
222
1598
1301
1224
286
32008
212791
40323
222
469
76892
1239
57037
68892
1301
838
1224
1239
1279
150022
583
1224
286
32008
212791
40323
222
469
583
1350
1350
212791
40323
583
2
2
838
1224
543
583
1350
1224
1224
1301
29465
838
29465
1239
1301
838
1224
543
583
1350
1224
286
32008
212791
40323
222
469
2
2
1224
469
40323
286
212791
1224
2
1224
2
469
543
470
287
91061
91061
91061
562
1280
1678
1579
848
970
1257
2
216851
186802
848
1257
2
848
2
2
2
1579
28025
1678
1579
2
2
2157
848
28890
2172
1239
1485
39948
1257
186802
119852
970
171550
35832
1224
1301
31979
189330
1257
544448
841
848
1257
194
118747
1257
970
543311
2172
848
970
2
1239
1239
186802
186802
216851
1730
841
28050
848
1257
2
1257
848
851
1261
33033
1257
848
2
544448
28890
2172
544448
544448
2172
544448
31969
848
1239
970
1485
39948
1301
1335
1308
1308
2
216851
841
1730
2
848
1257
216816
1579
1351
848
1257
33959
1257
2
4751
848
1579
1578
2
2
2157
2
851
2097
2157
572511
189330
629
1279
816
572511
189330
841
128827
2
2
2
186803
216572
816
572511
128827
841
216851
31979
189330
239759
186802
1485
31977
45401
33042
1485
239759
1485
375288
543
81852
2
572511
189330
1678
292632
547
1678
189330
292632
572511
1678
292632
186803
572511
189330
547
629
33042
629
543
1279
174708
816
574697
815
946234
216572
572511
189330
629
1279
816
186803
572511
128827
841
29393
189330
39948
102106
186803
572511
841
189330
128827
186828
29393
31977
39948
84107
102106
186802
189330
572511
841
39948
29393
102106
572511
189330
186803
1239
186801
186802
1239
186801
186802
2
572511
189330
572511
189330
841
2
572511
189330
629
1279
816
186803
572511
189330
841
128827
572511
189330
128827
128827
186803
838
543
81852
2
629
1239
1239
1239
186803
572511
128827
838
2
33024
33024
838
216851
580596
2
572511
189330
2
2
2
2
572511
2
2
838
39488
2
1496
2
1239
976
34104
1336
1224
225324
1239
201174
976
1224
816
1239
816
1239
816
1239
1016
836
29465
29465
836
1654
1239
976
1239
135083
416586
29466
1018
879969
1224
1107316
203
28133
826
29316
396015
35756
210
1239
976
203691
544448
200795
1239
1224
201174
2753
135083
416586
29466
1107316
203
1018
879969
28133
29465
1301
838
1578
1239
1224
74201
28890
838
80864
186826
171549
216572
838
2
2
714
158
837
837
837
2
837
1239
976
32066
1224
544448
201174
28890
1117
74201
256845
508458
74152
1239
1224
74201
28890
816
1301
848
838
848
838
543311
836
195950
39948
44259
157
1730
186802
816
171550
848
1301
820
216572
28124
76122
838
80864
186826
171549
216572
838
135083
32067
195950
194
28113
671218
848
113107
195950
186803
265975
838
439703
482
113107
838
32207
46124
1501332
836
186804
439703
28137
28129
84109
200
836
218538
341694
28124
76122
28136
51160
203
143361
33033
837
171549
1239
838
171551
837
550
976
1239
1224
74201
28890
28890
74201
1224
74201
239935
74201
848
838
543311
836
195950
39948
44259
157
1730
838
80864
186826
171549
135083
32067
195950
194
216572
838
216572
838
2
838
838
76122
28136
28135
171549
28124
203
218538
33033
143361
84109
157
838
265975
195950
32067
970
848
113107
838
172042
46124
1501332
836
113107
46124
848
128827
186803
28890
74201
1224
837
837
28124
851
837
714
837
2
2
714
2
2157
4751
2
837
837
837
543
186802
1496
239935
838
2
2
836
172042
837
816
12916
12916
12916
2
1773
817
851
2
851
851
851
817
2
963
2745
22
2745
22
1743
34072
2
4751
1224
1239
848
1224
12916
286
12916
41275
283
114248
28065
570
88
52972
165779
12916
570
114248
28065
165779
12916
570
28065
165779
12916
1263
119852
75654
106591
379
12916
12916
12916
570
2
2
12916
2
12916
570
28065
283
12916
12916
12916
2
2
210
2
2
12916
570
12916
165779
283
12916
12916
12916
2
2
2
817
2
2
2
2
210
12916
2
12916
12916
287
851
848
851
851
848
817
2
2
562
543
2
1678
2
1224
469
12916
1239
1301
838
2
83558
727
1224
1239
1224
1239
201174
74201
32066
1117
57723
1224
1239
976
1239
1224
469
12916
1224
416916
724
482
838
1678
1301
1239
1263
1239
239934
74201
1239
976
1224
1239
1263
1279
216851
1301
1224
469
1239
1301
1224
482
724
1239
1578
1716
1743
1743
1239
1224
469
1224
482
475
724
469
286
48736
469
469
469
469
2
469
1301
1239
838
1678
724
1224
1301
838
1678
1224
1239
1224
469
83558
83558
727
2
287
1224
838
469
469
469
469
1301
2
1279
1654
1716
2
1279
1279
1485
561
816
1279
1279
1279
1279
1279
1279
1279
1279
1279
1279
1279
1279
1279
1280
1239
1279
1485
1224
1239
201174
976
1279
1279
1279
1279
1224
1239
976
201174
1239
1224
201174
1224
1239
1279
1485
1279
1239
1279
1279
1279
1279
1279
2
1279
1485
1279
1485
1280
137838
2
2
91061
2
186801
848
543311
1301
216851
216572
851
817
2
848
543311
1263
848
201174
1239
74201
1224
848
543311
216572
216851
375288
841
572511
1678
848
1301
838
1279
848
543311
1301
848
32067
543311
1257
1301
216572
216851
286
1301
848
543311
543311
33024
140625
1224
848
216851
848
32067
32033
22
469
1224
286
543
1279
848
848
32067
848
851
851
848
848
543311
33033
543311
1301
315405
2
543311
848
1301
848
543311
1301
1263
216851
186803
216572
848
32067
1301
817
848
32067
817
543
80864
848
216572
216851
816
848
543311
33033
1301
216851
32066
1239
816
848
216572
216851
1224
286
2745
40544
543311
216572
186803
40544
851
817
2
2
848
848
543311
138117
543311
138117
33033
817
2
2
2
2
817
1282
117563
43996
838
1301
2
2
1301
1301
713
1301
713
837
1302
851
2
2
2
2
2
2
2
2
2
2
2
2
1280
76777
1313
2
2
1239
1224
1297
201174
976
1239
976
1239
976
28050
1730
1481960
397864
577310
2
2
1301
1239
1301
1301
2
1301
186801
1239
1485
186801
186801
2
2
2
2
2
