2157
2
2
2
2157
562
2
2
562
562
2
2
2683745
2
2
2
166486
853
39488
2
39488
841
216851
2
2
2
2
2
186801
2
39488
853
853
33043
166486
166486
39491
39490
1730
841
166486
105841
1730
33042
39491
1730
1730
2
1537
1498
39483
853
166486
166486
853
39488
39488
166486
649756
2
1730
39490
39491
1735
39496
33042
33042
105841
1528
39483
31971
467210
1736
39489
83339
2
1263
1485
2
166486
853
1485
2
2
166486
2
853
853
2
2
105841
1730
1730
39490
853
543
543
2
4930
2
816
816
838
1678
1678
1578
1578
1350
1301
1357
1253
1535
1532
1730
1263
1485
831
33043
848
543
543
821
216816
1579
39492
33035
562
1532
1535
816
816
1678
1578
1535
1532
543
816
816
816
1678
1578
1535
1532
543
543
2
2
2
2
2
543
562
562
816
816
816
816
836
838
816
2
543
2
562
1682391
252598
816
2
1578
562
562
562
562
1578
1578
239935
239935
239935
2
2
239935
74201
2
239935
239934
239935
239935
239935
562
1380
816
1678
1485
33042
1350
561
1730
216851
28050
1578
906
52225
1257
838
841
1263
1301
29465
172900
239935
2
239935
239935
239935
239935
239935
239935
239935
239935
239935
239935
239935
239935
239935
239935
239935
239935
239935
239935
239935
74201
2
48463
2
2
1263
2
224756
224756
2173
66851
94695
224756
224756
2173
224756
28890
2157
2157
2173
2317
2158
224756
2157
224756
224756
2317
224756
224756
224756
224756
224756
224756
224756
66851
2157
39669
224756
2158
2173
2157
2
224756
224756
224756
224756
67760
67760
67760
224756
2317
2157
2
2173
2
2157
2173
2317
2157
2
2157
2157
2157
2
2157
2
2
2157
2
39669
224756
2173
2317
2
224756
2
2
2
2
186803
976
1239
976
2
976
186803
1239
976
976
1239
1224
201174
375288
239934
1243
469
846
1224
976
1239
201174
239759
207244
244127
816
1678
572511
1485
33042
189330
1730
216851
61170
1243
119852
1257
841
1263
1301
1239
976
816
1239
201174
203691
171550
186803
128827
31979
239759
620
128827
1485
186802
171549
816
620
613
543
613
620
613
620
613
613
620
561
620
620
561
2
1678
2
2
2
2
2006
2173
2173
2
2173
224756
186802
2
2173
2173
2
1239
2173
2157
2173
2157
2
2
2173
2157
901
2173
224756
2173
2
224756
2173
224756
2173
2317
28890
2173
224756
224756
224756
2
224756
2173
2
186802
1239
2173
186801
119852
44748
119853
44749
186801
53443
53443
44748
53443
2173
2173
901
876
901
186802
186802
2
224756
2173
186802
990721
990721
2
2173
2173
2173
2173
2173
2173
2173
2173
2173
2173
2173
562
2173
2173
2173
2173
2173
83816
2173
2173
2173
2173
2173
1239
976
1224
2
2173
2173
2173
2173
224756
2173
2
224756
2
1578
2317
881
2207
881
2208
2
119852
119853
44749
2
110500
43773
2173
210
562
561
29465
2
1239
976
2
2
1678
216816
562
1308
39777
29465
1239
1301
1678
1301
1678
562
1239
201174
976
1239
1485
91061
1485
39491
40520
29465
1301
91061
1678
29465
1301
562
1301
1678
1678
29465
562
562
562
2
562
562
2
186826
117563
1301
186803
34072
28216
29465
29465
29465
29465
29465
29465
29465
29465
29465
29465
29465
1301
29465
1485
2
29465
34072
2
34072
29465
1301
1301
1678
562
2
2
2
2
2
1678
2
2
2
1730
1239
976
201174
2
186802
1239
1239
976
2
2
1239
2
2
2
976
1239
201174
1224
1239
976
1224
201174
186801
91061
909932
186801
216572
31979
186803
186802
31979
288965
2
29359
2
1549
31979
186803
33042
116085
410072
33042
186803
180286
180311
186803
301302
301301
166486
186802
853
474960
216572
40518
1265
438033
572511
186802
186802
186802
186802
186802
541019
186804
1385
186826
91061
909929
815
357276
820
816
171551
171552
171550
1224
41295
31993
506
468
135621
543
1224
2
84107
2049
84107
1653
31957
85020
85030
85026
85021
1268
85025
2
2
2
2
52958
2
2
2
2
2
1263
2
2
288965
659425
2
186801
210623
33042
2
180311
180286
166486
2
853
474960
2
2
2
976
1239
1239
976
57723
1224
28216
28221
815
171549
186802
1760
1385
80840
2
2
2
186801
1678
29465
2
4751
1496
2
29465
29465
1678
2
564
2
2
2
29465
543
186801
2
816
838
816
816
817
561
816
816
1678
1678
1678
1678
543
1236
1236
543
976
1239
976
1239
201174
1578
1496
816
816
838
543
1678
29465
2
2
2
1239
1224
2
31957
33958
2
2
2
2
2
2
2
2
2
2
976
1239
1224
31957
1653
90964
1300
2
2
2
2
1239
186802
216572
186803
171552
815
2
2
31989
356
85023
85015
33958
2
33958
33958
2
33958
2
2
2
2
2
2
2
2
2
1280
2
590
2
2
2
2157
4751
2
1496
1496
1496
1496
1496
1496
976
1239
1496
1496
1496
1496
1496
1496
1496
1496
1496
1496
1496
2
1496
1496
1496
1496
1485
1496
1496
1496
1496
1496
1496
1496
1496
1496
1496
1496
1496
1224
976
1239
201174
128827
49546
49546
81852
33958
171552
137
1496
1496
1496
1496
375288
1496
135858
1263
135858
1263
1496
1496
1496
1496
1496
1496
816
375288
1496
543
186803
83763
216572
649777
31953
255528
1496
1496
1239
201174
976
1224
1239
1485
1263
1485
1730
1239
976
1239
1496
1496
2
1496
33958
1496
2
816
838
1485
1578
816
838
1325849
1485
1496
1496
1496
1239
1224
201174
816
1239
33958
81852
543
81852
33958
543
1239
976
1496
1678
1678
216851
853
1678
853
2
1678
853
1496
1496
1496
1496
1496
1485
1496
1496
2
1496
1496
1496
1496
1496
1485
1496
1496
1496
1496
1496
1496
1496
1496
1496
1496
1496
2
186801
186803
216572
816
816
1578
1743
1301
2
816
171551
816
816
816
816
2
572511
216851
841
572511
216851
841
572511
216851
841
572511
572511
53443
572511
216572
216572
216572
186803
186803
186803
186803
2
1496
2
590
2
2
816
2
816
2
2
1496
2
2157
2
976
1224
1224
1236
200643
2
2
590
1239
976
201174
1224
816
2
4751
102234
1123
1743
2
91347
543
2
2
85007
2
2
2
2
547
482
286
1301
1279
469
1485
286
237
848
1378
83654
445
745
1743
543
543
570
547
590
570
547
1743
1716
1578
1279
1301
2
2
2
2
2
2
2
470
1350
1496
2
2
2157
562
570
562
573
1239
816
1224
1239
976
1224
32066
194
209
838
29465
128827
482
2093
1239
590
194
747
1239
201174
1224
976
1239
976
201174
1224
562
1239
976
1224
201174
1239
1224
1224
201174
1239
976
1224
32066
200795
1117
200930
1297
65842
112
136
508458
976
1239
1224
32066
32066
1239
1224
976
1239
32066
976
1224
1239
976
201174
1239
1224
976
203492
468
33958
186803
1300
49546
33958
171551
49546
468
1300
33958
171551
468
481
1300
186803
543
171551
666507
33958
815
1300
468
481
80864
186803
33958
2049
1653
31957
85018
171551
49546
815
171552
2
49546
2
49546
171550
563835
89373
171552
1239
33958
186803
1300
186802
2092
186804
31979
33958
1300
33958
128827
186804
1239
1239
33958
1300
186803
1224
468
543
135621
481
976
1239
1224
32066
1224
976
201174
1239
976
1224
32066
200795
1117
200930
1297
65842
112
136
508458
1239
976
1224
32066
976
1224
1239
976
1224
2
976
1239
1239
1239
1239
976
32066
1224
2
2
2
2
194
209
838
29465
1301
128827
482
2129
2093
128827
194
209
209
1239
976
1224
32066
201174
2049
1653
31957
171551
1239
216572
1239
186802
1224
468
1224
543
1647
197
747
2
209
197
1239
209
201
590
209
590
590
83763
2
590
194
1637
2
2
838
2
2157
2
2
2
816
838
1263
838
838
2
562
570
550
69218
620
67825
2
2
838
2
1239
976
201174
1224
2
976
1239
28211
28216
28221
1236
200643
1239
28216
1236
1224
1239
976
32066
1224
1236
28216
29547
28221
28211
171549
186802
1236
28216
1239
976
201174
1224
74201
816
841
216851
186803
216572
1224
1239
976
201174
544448
32066
469
642
501783
43947
212791
80864
976
1239
237
501783
469
1236
28216
1239
976
2
2
976
1239
1224
2
186803
186803
469
642
82802
28196
286
469
469
501783
469
501783
2
2157
469
642
82802
2
2
171549
82802
157076
43064
43064
140314
140314
2
80864
34073
34073
2
237258
49546
186802
2
186802
1578
1239
976
1239
186801
216851
841
33042
572511
1263
1239
816
838
838
816
838
816
186802
186803
216572
1485
2
186802
186802
838
816
1239
28901
28901
28901
590
2
590
1485
2
2157
54388
54388
1301
1743
1716
1578
816
712
1301
848
838
29465
1716
1279
186802
239759
375288
1578
816
1301
712
838
1301
1716
1716
1578
1578
1578
1578
1578
816
239759
375288
816
816
816
123258
85831
151419
821
171552
85831
151419
821
816
85831
821
85831
151419
821
816
186804
91061
2037
1300
1301
848
482
1301
29465
848
186826
838
1378
1743
1279
1716
1578
1279
1743
165779
1279
1279
1301
1301
2
2
2
2
2
2
816
1239
40518
39492
2
817
39492
40518
1322
186803
2
562
2
2
2157
2
2157
2
2157
1491
517
517
1496
1496
186826
186803
1300
216572
84999
2
853
2
853
853
186826
186803
1300
216572
84999
216572
216851
853
853
853
816
1301
1485
816
186826
186803
1300
84999
186826
1300
1300
186826
1300
1357
1301
1358
1301
1301
186803
1485
1485
186803
33039
33038
1532
216572
216572
580596
1485
216851
1263
853
216851
853
580596
501571
84999
2
216572
1300
2
2157
853
853
1307
1313
561
1313
1313
1313
1313
501571
2
2
2
976
1239
1485
1239
1485
1485
1224
817
329854
821
1485
39491
166486
2
853
1485
39491
39491
1485
2
201174
1224
976
1239
201174
1239
976
976
1239
2
1239
976
816
816
1239
1239
976
1239
1485
1485
1485
1485
841
39491
816
1239
1485
186803
216572
1239
2
841
39491
216851
2
1485
2
39488
105841
2
105841
1680
841
105841
1678
1224
1224
562
2
562
1590
1590
2
1239
976
201174
1224
1239
976
201174
1224
1239
976
201174
1224
1485
2
590
2
562
590
2
590
1678
2
2
2
2
2
1680
216816
2
2
2
1224
976
976
976
1239
1224
976
1239
1224
1224
976
1239
74201
80864
543
815
186803
216572
31977
283
570
583
1224
976
1239
1578
838
469
85009
85006
85007
976
1224
976
186803
2
816
375288
186803
2
2
2
2
1578
838
469
85009
85006
85007
283
570
583
283
570
583
1224
2
239935
1678
2
2
1678
1578
2
210
285
562
543
29465
816
1678
1386
1257
816
1678
976
1224
976
1224
543
31977
1300
562
39778
29466
816
246787
329854
820
28116
816
816
28111
46506
816
816
562
570
547
547
622
39778
623
590
69218
208962
29465
543
2
543
29465
816
1485
2
2
816
1485
543
29465
29465
2
2
816
1485
2
816
816
1485
817
1678
2
2
186801
2
216816
89153
194
197
197
197
197
197
197
194
197
197
194
194
194
2
194
194
197
197
197
194
197
197
194
197
197
194
194
194
2
194
194
194
194
194
197
195
2
197
194
197
197
197
194
197
197
197
197
201
201
195
194
197
197
201
195
197
197
195
197
197
197
201
201
194
197
201
194
197
197
197
197
197
194
197
195
197
194
194
197
197
197
197
201
197
197
201
197
194
197
197
201
197
201
197
201
194
194
194
194
28196
194
197
197
197
260714
197
197
194
194
194
590
194
194
197
197
197
201
195
194
194
590
2085
194
197
194
197
195
197
197
197
194
197
197
194
201
201
976
1224
201174
1239
31979
1350
1279
1485
816
1485
1485
2
2
1239
976
1224
1224
816
29465
1485
816
816
570
1224
1239
1239
32066
976
1224
201174
74201
31979
89373
85025
506
186802
69277
32033
49546
468
1485
1350
1578
1279
216851
1485
207244
838
1485
946234
816
1301
29465
570
572511
1485
158846
906
1350
1279
1239
976
1224
2
1578
1678
1485
580596
31979
216572
1485
1485
1485
186803
816
526524
1827
85025
1485
1485
1485
1485
1239
816
1485
1485
816
1485
1485
1485
2
186803
33958
171550
171551
2
1350
1279
1485
1350
1578
1279
216851
1485
207244
838
1485
946234
1485
31979
1485
1485
1485
1485
1485
2
1485
1492
1485
2
1485
1485
1578
216851
1678
2
186801
186801
2
2
28026
1681
2
1578
1678
1350
1279
207244
838
2
207244
838
946234
1485
1485
816
1485
1485
1485
1485
1485
1485
2
28025
28026
1492
853
1485
1485
186801
2
2
2
2
2
1301
2
2
1301
1350
561
2
2
1350
561
562
816
46506
821
46506
821
816
1485
1485
165179
838
838
165179
838
165179
47678
46503
1239
218538
39492
74426
2735
239935
1891238
28116
821
28111
1413
817
357276
816
816
821
39778
1318
1304
28132
218538
338188
310297
39492
338188
33039
45851
816
39491
246787
218538
853
28117
47678
46503
1280
287
1423
562
239935
821
39491
246787
817
816
816
1485
816
2
2
2
1239
216572
186803
186806
1485
1350
1578
815
171551
171552
171550
995019
543
1678
2
43668
135858
543
28256
468
57494
49
135621
1030
1678
816
836
286
1678
562
2
2
1485
1350
1578
1243
1357
1301
1279
816
543
1678
2
1239
976
1224
201174
1239
1239
976
1224
201174
1300
1239
186806
33958
815
171552
1224
506
543
31953
84107
2
1239
2
1485
1350
1578
1243
1678
1239
976
1224
201174
2
2
2
1301
2
1239
1239
186803
301302
189330
45851
186806
1730
186803
1350
1578
1578
2
815
171551
171552
171550
817
995019
543
2
547
561
583
1678
1678
1678
2
2
2
2
1239
976
1224
201174
71870
1496
1515
1625
2
1305
1678
1678
2
2
2
2
2
2
2
2
2
2
2
1224
403
1236
31993
28211
74201
511745
403
31993
511745
403
403
31993
511745
32011
49546
403
80864
203557
563835
543
206379
914
1127830
380240
189779
1234
80864
49546
206379
186803
815
81852
543
203557
31953
186802
2
2
914
914
2
2
31993
133
2
359407
46913
404
28067
2
2
2
32205
356
213481
390805
648799
33057
109326
416
816
872
29465
2
2
2
2
2
1496
2
2
2
2
2
2
2
357276
357276
2
357276
357276
357276
357276
562
2
2
28901
666
632
633
357276
357276
357276
357276
357276
357276
821
357276
821
357276
357276
357276
357276
357276
357276
357276
357276
357276
2
2
357276
2
2
357276
727
727
2
357276
357276
357276
28901
104
562
34021
562
633
662
633
197
562
562
632
573
28258
562
2
632
727
561
562
727
727
2
2
1224
1239
2157
2
33958
186802
1224
1239
976
201174
561
1301
2
1301
1350
1236
1239
976
976
1239
976
201174
1224
2
28216
1236
2
1492
1578
2
2
2
1578
1578
2
1578
2
2701
2
2
210
1224
816
1263
33042
189330
1350
1350
1350
1350
1350
1350
4753
1239
1224
526525
91347
171549
562
816
1263
33042
189330
1496
816
171549
186826
186802
186826
1350
52784
1559
186802
171549
186803
572511
31971
1263
816
1350
1350
1350
1350
1350
1350
1350
1350
1350
1350
1350
1350
1350
1350
1350
1350
1350
1350
1350
1350
186802
526525
1350
1239
976
976
1224
1224
2
562
573
286
550
583
1224
1224
171549
816
1263
33042
189330
816
1263
33042
189330
816
1263
2
1224
1239
976
186826
186802
171549
1350
1350
1350
1350
1350
1350
1350
1350
1350
1239
2
2
2
1239
976
1239
976
976
1239
1239
976
1239
976
1239
976
1239
1239
976
200643
200643
186801
1239
171549
186802
186803
216572
976
1239
186803
216572
186803
186803
216572
1496
186803
2
816
872
2
816
2
2
2
1239
976
562
853
818
194924
1239
976
200643
186801
171549
186802
2
165179
2
2
1496
2
2
1239
186802
816
1239
1239
1239
186802
186802
216572
1263
816
186801
186802
216572
816
186801
2
2
171549
171549
2
171549
816
816
171549
171549
171549
820
28116
821
171549
171549
171549
2
562
1350
171549
171549
171549
562
1239
976
171549
171549
816
816
171549
816
2
816
171549
171549
171549
171549
171549
2
171549
817
818
171549
171549
171549
171549
171549
171549
171549
171549
171549
171549
171549
171549
171549
171549
171549
171549
171549
171549
171549
171549
816
816
820
28116
171549
816
816
171549
171549
562
816
171549
171549
171549
2
816
28116
817
171549
171549
816
171549
171549
2
171549
171549
171549
816
817
2
816
171549
171549
171549
171549
171549
171549
2778071
171549
171549
171549
817
817
2
171549
816
171549
171549
816
171549
562
171549
171549
171549
2
2030927
171549
817
817
818
1280
2
2
171549
1350
197
28901
171549
28116
2
817
171549
2
2
872
1531
853
872
1531
853
2
543
1351
186801
543
2
816
2
2
2
2
2
2
2
817
28116
818
821
1686
1680
1681
1685
1531
1539
1502
1492
1490
1502
1505
1513
1496
1498
876
876
881
897
34031
34031
1564
1564
1564
562
562
1351
1351
1352
1736
39491
74426
39483
853
853
1590
1579
1261
1265
1264
33035
624
623
28901
29466
562
2
562
562
624
623
28901
853
853
1264
1492
1531
816
838
872
1492
1264
853
1531
853
543
1351
2
2
853
1531
1264
1492
1492
543
1351
2
816
816
816
816
2
853
1531
1264
2
2
1351
853
543
543
2
2
1678
1263
816
853
853
1496
1678
2
28116
2
2
1678
2
816
2
2
2
1224
1236
91347
543
526525
128827
397864
171550
239759
91347
543
1236
91347
543
91347
543
397864
976
1239
32066
1224
1224
1236
91347
543
526525
128827
1239
397864
171550
239759
2
91347
543
1236
91347
543
91347
543
397864
1224
1236
91347
543
543
1224
1224
543
1224
543
1224
543
128827
128827
397864
397864
2005519
239759
171550
239759
171550
186826
2
1485
186801
1236
413496
1236
1224
2
2
1224
1239
201174
1485
1485
547
1279
186801
1236
1485
186801
1236
286
745
613
570
186801
186801
1236
909932
1485
745
745
2
1236
1236
1236
570
1236
2
186801
1485
91061
1279
909932
2
1236
1236
1236
570
547
547
91061
1350
186801
1485
186801
186801
909932
29465
28141
413496
2
2
573
2
1351
1485
1485
186801
2
2
1236
1236
1236
1236
1236
1236
2
2
2
28141
413496
1485
216851
1243
2
1239
976
32066
1117
976
201174
1239
216572
186803
815
31953
815
33958
216572
186803
203557
135621
216851
216851
1243
1678
816
375288
286
1485
1239
1239
976
1879010
1678
1622
1239
562
2
1239
976
1239
976
239759
816
397864
459786
375288
838
1263
2
216851
841
29465
816
39948
29465
1485
216851
459786
375288
838
1239
976
1239
976
2
816
216851
459786
841
1301
1485
2
239759
816
128827
561
158846
40544
239759
816
841
2
1678
1485
853
543
816
1239
29465
838
375288
459786
216851
39948
816
186801
186801
216851
1485
2
186801
1263
543
543
1263
216851
841
543
2
976
1239
1224
216851
841
1263
216851
841
1263
543
543
216851
1263
543
841
543
216572
2173
2317
2
2157
2
1678
1678
2
1239
1678
2
1678
1678
2
816
186803
186801
1239
31977
2
33958
33958
186803
2
1678
2
2
816
816
2
81852
1351
31977
29465
2
2
31979
2
1502
1485
1485
2
1496
216816
1680
216816
216816
216816
1678
1680
1678
1678
186803
216572
1678
2
816
85004
31953
2
186803
853
1678
1265
40518
31977
33958
81852
543
2
216816
2
1678
1678
1578
1496
1496
85007
2
2
1680
853
2
2
4751
2157
5475
5498
2157
2157
1496
2157
2
1239
1224
543
4751
4751
5052
5036
5206
4751
4751
4751
4751
4751
4932
2157
2157
2
4751
2
816
186801
2157
2172
2157
2157
4903
4903
4903
430997
2879429
5480
29917
816
375288
853
4751
4919
4751
2157
2157
4751
4932
4932
4932
5476
5475
5475
5475
5475
4751
4903
4903
4903
4903
4903
430997
430997
430997
430997
430997
4919
4919
29917
4751
4751
5482
2
4751
2157
2172
2172
2173
2173
2157
4751
2
562
186802
4751
4751
4751
4751
4751
5476
5476
4927
4927
4751
224756
2
183925
2
1730
1485
2
1239
976
1224
74201
201174
1239
853
216572
976
1239
1239
976
544448
1239
128827
216572
140625
186803
1239
186803
1239
853
216572
186802
128827
128827
216572
990719
239934
2172
128827
216572
2159
135625
1236
724
712
2158
1577788
186803
572511
816
2005519
838
135858
128827
2
1239
976
2
1239
2
216572
186802
128827
2159
2159
2157
2157
2
2
2173
216572
186802
128827
2
2
29465
1263
216572
990719
239934
2172
2158
1577788
724
712
1236
1236
724
2
186803
572511
816
838
135858
128827
2157
2
128827
2
2
1224
2
1224
2
1224
1350
1301
816
1485
841
1730
1239
976
1224
201174
32066
1224
32066
1224
1224
1224
1236
135621
444
28256
543
613
620
590
53335
581
158851
561
1224
286
561
620
590
613
570
209
1224
1224
286
1224
1224
1224
32066
1224
1224
1224
1224
1224
851
851
848
848
2
2
186802
31979
216851
189330
186803
2
2
2
1224
976
1239
1224
561
816
1239
561
590
1502
194
562
620
197
976
1239
976
186803
1239
976
1239
562
28901
67825
562
194
590
620
590
620
976
1239
1224
1224
590
1224
1224
1224
194
590
620
1224
1236
1224
194
29547
1236
561
561
561
194
590
620
1236
194
561
158851
135621
194
194
1224
590
1236
561
158851
544
543
590
590
1224
561
1236
1224
620
561
135621
570
620
543
543
561
543
186826
1300
186803
816
838
171550
815
216572
171551
31953
506
1853231
2005519
186803
841
28050
572511
186803
1224
976
1239
976
1239
561
158851
544
135621
816
816
838
561
158851
543
816
375288
216851
841
1263
186803
590
620
194
194
590
620
1239
1224
976
1239
1224
976
1239
1224
1224
1224
561
816
838
375288
171550
216851
1239
1224
976
1239
976
1239
1224
2
2
2
1224
1224
543
67825
543
1224
1224
561
590
562
562
1239
562
562
561
194
590
620
561
194
620
561
1224
1224
1224
1224
561
1239
976
1224
561
1224
561
561
561
561
561
1239
1224
1224
976
1239
561
1239
1224
561
561
194
590
620
2
2
562
194
2
543
28901
590
562
1224
2
1224
1239
1239
1224
186801
1578
1535
1532
1578
2
543
1224
543
1224
201174
1224
2
32066
1239
1239
1224
201174
1578
1578
1578
2
1496
976
1239
976
1224
1239
976
1224
1224
1239
5475
55193
4930
5475
2
2
562
1496
817
570
2
47715
562
1578
571
186801
2
1502
1502
1502
1502
1502
1502
1502
1502
1502
1502
1502
1502
1502
1502
1502
1502
1502
1502
1502
1502
1502
1502
1502
1502
1502
1502
1502
1502
1502
1502
1502
1502
1502
1502
1502
1502
1485
1502
1502
186801
1502
1502
1502
1502
1502
1502
1502
1502
1502
2
2
2
1502
1502
1502
1502
1502
1502
1502
1502
1502
1502
1502
1502
1502
1502
1502
1502
1502
1502
1502
1502
1502
1502
1502
1496
1502
1502
1502
1502
1502
1502
1502
1502
1502
1502
1502
1502
1502
1502
1502
1502
1502
1502
1502
1502
1502
1502
1502
1502
1502
2
1502
1502
1502
1502
1502
1502
1502
1502
1502
1502
1502
1502
1485
1485
1502
1502
1396
1502
1280
1502
186801
1502
1502
1502
1502
1502
1502
1502
1502
1485
1491
1485
1502
1485
1502
1502
1496
1485
1502
1502
1502
1502
210
1496
2
1502
1496
1485
1502
1502
1502
1502
1502
1502
1496
1502
1502
1502
1502
1502
1485
1678
816
1485
1502
1502
1502
1502
1502
1485
1491
186801
1224
543
1239
1578
1491
1561
1224
1239
543
186801
1491
1561
1492
976
1297
1239
1224
201174
976
544448
74201
32066
1239
1224
1236
543
1491
1561
1224
32066
1224
544448
201174
976
74201
1224
544448
201174
976
1239
1224
1239
1239
1224
1239
1224
1578
1578
2
1578
1578
2
2
1578
1239
1224
543
543
543
543
543
1236
1491
543
1491
1491
1491
1561
1491
1561
1561
1561
1491
186801
1224
1224
201174
544448
976
1224
543
1239
186801
543
1491
1561
1491
28901
543
1224
1578
1496
590
54388
54388
2
54388
590
54388
590
54388
2
590
54388
2
590
54388
54388
54388
54388
54388
2
2
641
641
543
54388
54388
54388
590
620
641
666
622
286
703
590
54388
54388
54388
54388
54388
54388
54388
54388
54388
54388
54388
54388
469
12916
283
237
1386
59732
1279
41275
815
31979
543
128827
186803
33958
171552
216572
31977
543
815
31979
171552
1485
543
816
543
54388
2
54388
54388
2
469
12916
283
237
1386
59732
1279
41275
590
590
590
171549
186802
186802
171549
2
475
1301
724
1236
1496
562
2
1239
293
28211
28211
171549
186802
816
816
186801
28211
1597
976
1955421
1678
186803
31979
216572
186806
84107
1578
906
904
543
204475
1578
216851
1849603
1224
1485
2
1239
1678
1239
1224
1239
976
976
74201
1224
239759
239934
561
2
1239
201174
976
1224
74201
31977
31953
216572
33958
186803
128827
31979
186802
1678
1578
841
906
2
186802
186803
216572
31979
84999
186828
1357
186802
216851
1263
1485
1730
572511
909929
31977
906
904
543
1224
91347
1578
91061
33958
906
1578
904
1485
216851
204475
1485
1578
204475
1578
216851
2
2
906
906
1239
976
1239
976
1239
976
1239
976
976
1239
976
1239
186802
1485
166486
39491
84107
84107
2
1224
1236
543
1224
186826
909929
1578
904
906
1578
904
2
2
1578
2
906
907
906
906
2
186801
2
2
1263
1485
572511
2157
2
2
907
2
906
907
1578
1578
1485
216851
204475
1485
2
2
2
907
2
906
1224
2
1224
543
547
1224
1743
1301
1301
1279
1578
2
1224
543
1301
543
547
561
1743
1578
1385
2
1578
1743
1678
911
1485
2
543
2
186817
1300
1239
90964
2
2
2
2
2
2
2
2
2
2
817
1596
1245
1624
247
216816
1681
1683
1578
1678
817
2
2
2
1678
2
1678
1496
2
1239
976
201174
1224
976
201174
1239
1224
201174
1224
1224
853
820
46506
214851
84030
816
1263
66219
816
572511
123258
84030
33035
853
853
853
732
572511
84030
572511
84030
572511
84030
2
4751
572511
123258
84030
33035
853
732
2
2
1224
1485
816
1279
724
91347
186802
186826
2
1224
1678
1578
1224
1239
976
91347
186802
186826
1485
816
1279
724
91347
186802
186826
91347
53335
194
1224
629
1224
186802
186826
91347
186802
186826
91347
186802
186826
91347
117563
1578
1239
1224
1485
816
1279
724
1224
1678
816
1485
1224
1239
186801
91347
816
838
816
186802
91347
2
2
2
543
1879010
186802
186826
91347
186802
186826
1678
1678
186801
1678
1764
1496
1496
2
2
1496
1496
1496
1496
1496
2
1496
2
1496
1496
4932
1496
976
1239
2
1239
976
2
2
1239
2
2
171549
200643
1239
186826
91061
186802
186801
526525
526524
909929
909932
171551
171550
171549
186803
186802
816
218538
375288
239759
853
1496
551
816
976
1239
1239
2
239759
816
39948
216851
375288
853
853
853
853
1496
1496
2
1496
1496
2
551
552
2
552
816
2
816
816
816
815
816
816
816
816
2
1496
552
1496
1496
1496
1496
1496
1496
1496
853
1496
1485
853
1496
1496
1496
1496
2
1236
1236
286
2
4751
210
210
976
1239
1224
201174
32066
1224
976
201174
1239
32066
1224
1236
286
1224
374
57665
28211
1236
1357
34072
1654
99906
48736
55968
29580
841
1257
1239
186801
28216
1654
1236
1236
210
209
209
210
1224
1236
286
1239
976
1239
1239
1236
1236
286
2
2
543
1236
200643
1236
1236
1236
200643
209
2
209
210
210
210
1236
2
1496
1239
28901
1224
210
209
1496
1496
1496
1224
562
570
1239
1224
1280
2
1496
1496
1496
2
1496
1496
1496
1224
570
561
1224
570
561
816
1239
1263
216851
1730
1224
201174
1224
1239
562
570
1224
1224
2
1352
570
2
1496
1496
1496
562
1352
573
2
1350
2
1352
1263
2
39491
1496
201174
1239
976
1224
39491
1680
1680
1680
2
1680
40518
2
1680
40518
1508657
40518
1680
40518
39491
39491
39491
853
853
1730
105841
39491
1239
40518
1680
40518
40518
1680
1680
40518
39491
39491
39491
39491
39491
39491
39491
39491
1239
40518
39491
2
2
1496
40518
39491
853
2
216816
39491
226
1041
200644
1227
657
1218
2433
22
1129
662
2
2
2
2
2
816
1301
1578
848
1378
570
29465
1304
1343
641062
28037
1308
1318
1305
1311
39777
39778
1613
570
1379
848
2
1328
341694
29465
29465
39778
29466
39777
1301
1328
1318
729
29465
1301
29465
39778
39777
1328
729
341694
851
1304
543311
33033
341694
33033
29391
29465
1681
186803
851
1304
1328
29466
166486
410072
29391
1681
33033
1304
1328
29466
166486
410072
1328
2
1352
1352
1351
2
976
1239
1239
39491
66219
1578
1239
1239
186801
39491
2
1351
1352
1352
1351
1352
39491
1485
2
2
2
2
2
39491
186801
2
2
2
1350
186801
4892
816
838
186803
216572
1301
1678
1350
5599
5059
1235455
52253
5476
4958
31953
816
572511
1263
838
1678
4958
816
4958
2
1302
851
816
4958
4892
4751
572511
1263
838
1678
171551
2
2
4751
287
5476
1302
817
2
821
562
871664
1264
28131
2
2
2
2
216816
2
2
2
2
1678
816
216816
216816
1681
2
216816
216816
216816
2
216816
2
216816
216816
2
2
216816
816
238
238
216816
216816
216816
216816
216816
1922
1351
1314
1313
2
216816
216816
2
2
2
2
2
1678
1596
216816
817
1351
976
1239
1224
201174
838
216851
1263
1485
838
1678
838
216851
1678
2
1239
216851
1263
816
1301
1263
1485
216851
816
572511
28050
543
31979
976
1239
1239
838
469
29465
33024
216851
216851
1263
1485
1678
838
838
216851
838
216851
976
1678
1263
544448
838
216851
469
29465
33024
1263
1678
186801
838
577309
2
838
838
838
165179
853
853
2
1639
165179
853
816
216851
207244
838
561
28050
189330
459786
207244
186803
1578
1678
2
2
2
816
216851
207244
838
561
2
2
816
216851
207244
838
561
28050
2
186803
1239
186801
459786
207244
186803
186802
200643
171549
189330
816
216851
207244
838
561
28050
2
1239
186801
186802
186803
459786
207244
186803
200643
171549
189330
976
1239
201174
1239
976
1239
976
189330
459786
207244
186803
2
2
1229621
2
186803
1678
1239
1350
848
1578
1350
1350
1578
848
1350
2
216851
218538
1485
1263
301301
976
1239
32066
1350
848
1578
581
1301
207244
1350
848
1578
1301
1301
1578
848
1301
1350
1578
848
2172
848
1350
1578
1350
1578
1350
1350
1350
1354
1352
1350
848
1578
1350
848
1578
1301
1350
848
1578
1350
1578
2
186802
1350
2
1350
2
1350
1351
1352
1350
2
1350
1350
1350
1352
1351
1350
29465
1301
838
1578
848
1350
29465
1301
29465
1350
848
1578
216851
1350
853
301301
853
1350
851
848
186802
1351
976
1239
1224
201174
976
1239
2
2
2
976
1239
1224
201174
976
1239
976
1239
1117
74201
256845
32066
508458
544448
1239
186801
186803
216572
572511
28050
841
292632
200643
816
838
838
816
2
186801
186803
216572
2
2157
4751
976
1239
1224
201174
2
186801
1485
1730
287
1578
1263
1301
1224
1239
186803
1224
216851
853
729
1239
189330
29465
29465
171550
171551
815
216572
2
2
2
2
252598
287
216851
216851
1301
1678
119852
816
375288
2
2
2
2
2
1239
816
2
1239
216572
216851
216572
1239
216851
216851
1239
1301
1300
119852
216572
31979
1301
119852
816
815
375288
816
375288
1678
1678
2
2
2
1239
216851
216851
1239
2
216851
216851
1301
1239
1301
119852
1239
2
1678
816
375288
1678
816
375288
2
2
853
58121
2
853
853
853
1582
1280
1280
1280
1280
1280
1279
1280
976
1239
1239
40518
976
1239
2
1280
1678
1280
817
2
816
189330
221216
203682
816
33024
375288
872
283168
286
561
469
1578
1386
817
2
817
221216
2
2
2
562
817
817
817
817
2
74201
816
186802
189330
286
41275
1224
1239
976
201174
74201
201174
1117
1224
203682
976
221216
816
33024
283168
375288
1578
286
1386
561
469
816
817
820
35832
848
511
1396
1578
28132
286
91061
1584
2
2
33042
189330
841
86331
817
817
817
2
2
256845
74201
2
2
2
2
1117
201174
976
1224
203682
2
221216
2
2
74201
817
2
817
817
817
817
1263
841
574697
35832
872
33024
1584
1624
1502
1224
209
1578
1350
1678
1485
543
239935
872
112
851
511746
74201
851
848
221216
851
817
1117
817
2
817
2
1350
1279
216851
1263
1280
976
1239
201174
32066
1239
976
1350
1279
286
1016
1263
841
216851
32207
724
724
135621
303
294
135621
287
1016
327575
1019
1017
1743
816
1350
1279
836
286
1016
40323
838
1279
40323
836
1350
469
1279
1350
836
1350
836
1280
615
40324
613
40323
286
286
287
216851
2
1496
1350
287
91061
2
573
1280
2
2
108010
2
2
186801
216572
31979
186803
91061
1236
91347
1654
1301
2
2
2
2
2
2
165179
853
816
186801
1654
1301
57037
189330
186803
186801
1654
1301
91061
1301
1654
189330
1236
91347
1716
162289
33024
186801
100883
186801
31969
186801
216572
31979
990719
1301
186803
186803
186801
186801
990719
31979
189330
162289
816
33042
186803
216572
91061
1236
91347
1654
1716
1301
189330
162289
33024
162289
1654
1716
162289
836
724
28050
140625
990719
57037
186803
1236
91347
100883
207244
2
2
2
2
2
186801
216572
31979
186801
186801
2
186801
186801
2
91061
1236
91347
1654
1716
1301
189330
162289
2
189330
33024
1301
543
1236
543
2037
2
543
2
2
2
2
2
2
2
2
2
2
851
35832
872
2
86331
29465
1239
186801
1760
85004
872
200643
28221
35832
872
40544
86331
1239
186801
29465
85004
724
1301
29465
86331
40544
35832
1301
29465
86331
40544
35832
872
86331
35832
872
817
86331
1573883
40544
29465
1239
201174
85004
848
171551
2
35832
872
2
86331
40544
1239
976
976
1239
872
2157
2
35832
35833
2
86332
86333
35519
35519
35519
848
590
28901
1280
562
28901
611
590
590
1280
1280
590
562
611
590
590
590
590
590
590
590
590
590
590
590
590
590
590
590
590
590
590
590
590
976
1239
976
1239
1224
1224
590
562
562
562
590
562
590
562
590
562
562
562
562
562
562
562
562
562
590
28901
28901
1280
1280
1280
1280
1280
1280
1280
1279
1279
1280
1280
1280
1280
590
611
611
562
562
1280
561
194
590
620
562
562
590
1279
1279
590
590
590
562
1280
1280
1280
1280
562
543
816
1239
666
562
543
590
590
590
590
590
590
590
562
28901
562
28901
562
28901
562
28901
562
28901
562
28901
562
28901
2
562
590
28901
562
28901
590
1279
590
562
562
562
590
1280
562
28901
2
237
92793
1154586
162027
192992
642
469
286
562
2
28901
195
197
562
562
171549
171549
171549
590
2
2
2
2
2
2
562
562
171549
171549
171549
562
171549
816
816
838
816
2
562
562
562
562
562
562
562
562
171549
562
562
562
562
562
562
171549
562
1224
976
201174
1239
57723
976
1239
237
92793
1224
469
136491
642
12916
286
1224
286
286
642
1224
57723
469
1224
28196
1224
237
359407
1224
642
28196
28065
1224
280472
665874
1224
335058
1224
34072
1224
642
469
286
1154586
162027
1224
192992
816
816
644
648
40324
40324
469
287
620
1818
287
562
2
171549
838
2
816
562
562
562
562
171549
562
2
1224
976
201174
1239
976
237
469
642
12916
142587
286
136491
287
648
2
816
2
2
2
469
642
816
2
84642
1224
816
2
171549
644
816
171549
171549
171549
171549
287
816
287
2
816
838
2
816
838
543
543
2
2
2
816
838
1263
816
838
1263
1263
1239
1263
2
816
838
543
543
2
816
838
561
561
816
838
838
816
816
561
2
2
2
816
561
838
2
838
2
816
2
816
838
561
816
2
561
816
838
816
838
2
2
2
2
2
2
171552
171552
171552
815
171552
815
543
815
543
543
2
2
561
590
570
543
543
39948
239934
39948
239934
375288
838
838
1678
239934
158846
1678
2
838
2
2
2
1578
2
1578
816
1578
1743
1301
1279
561
570
1301
1279
1716
816
838
816
816
561
570
1743
1301
1578
1578
1743
1578
1301
816
1578
1678
1578
1678
816
1578
1678
816
816
816
816
1678
1578
2
1301
2
2
816
816
816
816
816
816
1678
1578
816
816
1301
39778
43675
2
2157
4751
550
2
1239
1224
976
32066
544448
1239
1224
976
2
544448
1224
1239
976
1301
43675
39778
544448
2093
1239
1301
29465
976
1224
544448
32066
1268
2
2
2
547
1239
1224
32207
1301
1716
1350
1239
1224
976
544448
32207
1301
1716
1350
1301
1279
1301
39778
43675
838
1268
1301
197
1301
43675
39778
838
724
2093
186826
1301
724
29465
32207
838
31953
138
51291
2
1578
197
2
194
2
816
543
1300
31953
81852
33958
31979
216572
186804
1492
1582
1492
1582
1239
976
1224
186802
171549
186826
85004
91347
186826
91347
171549
186802
81852
543
815
186803
216572
1350
816
375288
1263
1301
572511
216851
1239
1224
976
186826
91347
171549
186802
81852
33958
815
186803
216572
1350
1578
816
375288
186803
1301
572511
1263
216851
1224
201174
1239
816
543
1300
31953
81852
33958
31979
216572
186804
1280
1352
562
1352
562
287
1352
1353
816
1301
186803
216572
2
1678
543
1350
186802
543
1350
186826
85004
543
1350
1678
1350
572511
33042
1263
2
1350
2
2
543
2
1350
1350
2
2157
203557
239935
1239
171552
165179
128827
1735
2
2
2
186802
815
216572
203557
239934
2
2
1239
171552
838
128827
1730
838
239934
838
1730
2
1239
2
239935
328814
165179
1735
84030
2
39485
39491
39488
2
1730
119060
31957
81852
2049
543
1730
1016
33024
239934
1239
2
1730
2
1730
1239
165179
1735
84030
239935
328814
239935
239935
239934
239934
239934
171552
165179
838
838
838
838
216572
1239
838
1239
2
572511
841
33042
853
2
841
171550
1350
2
2
2
1735
2
39488
39491
39485
39491
39491
1730
2
128827
186803
2
543
1735
2
4751
239935
239935
239935
239935
590
838
186801
1678
1578
2
2
1496
1076439
2
1485
39488
2
1485
1730
562
2
1239
201174
1224
28216
1239
470
562
2
2
1224
28221
1239
186801
91061
1224
1236
561
469
28216
29547
1350
91061
470
562
573
164546
2
2
201174
1239
1224
1239
1485
1730
1236
562
544
570
1485
1485
1485
872
1730
543
2
1485
1730
1236
570
1485
1485
1485
2
2
2
2
562
1485
1730
1485
1485
66219
66219
189330
66219
66219
189330
1730
2
1485
2
562
470
28216
1301
1485
1730
1485
186803
1485
1485
39491
841
562
2
2
2
2
1485
759851
759851
1485
154046
876
562
91061
91061
1485
1485
1730
1224
1485
1485
543
1485
1730
1485
1730
2
2
976
1239
2
1224
1239
256845
28890
508458
32066
2
2
213115
909929
194924
186803
872
186802
84999
84107
171549
815
1301
186802
186803
84111
2037
204457
186806
171552
838
123375
572511
292800
46503
2
1239
1224
1239
186802
186802
186803
39485
1265
1730
853
853
2
360807
841
2
186802
872
872
186803
2
853
2
872
74201
1239
976
74201
1224
201174
28890
816
838
375288
33024
216851
1263
28050
119852
572511
189330
841
33042
1485
1301
1239
239934
74201
102106
216851
841
33042
119852
2159
872
239935
1239
1239
976
74201
1224
201174
28890
28890
2157
1117
544448
32066
256845
203691
508458
1239
976
74201
1224
201174
1239
976
74201
1224
815
216572
186803
203557
171552
31977
171551
2159
171550
31953
1300
712
816
838
375288
33024
216851
1263
28050
119852
572511
189330
841
33042
1485
1301
1239
239934
74201
102106
816
838
2159
28890
2157
872
157
72294
28196
194
209
724
712
976
1239
1239
976
1239
976
74201
48461
203494
239934
85004
1678
1853231
283168
577309
838
239759
872
209
157
194
2
1678
816
1532
1535
816
838
838
816
838
816
33024
216851
841
33042
119852
102106
239934
74201
2157
2159
28890
2172
2173
224756
2316
2317
1235850
872
157
157
157
157
157
72294
28196
194
209
197
194
210
2
210
210
724
724
74201
2
239935
518753
2735
239935
2
239935
239935
239935
2
239935
74201
74201
239934
2
239935
239934
239935
194
74201
239935
194
2157
197
209
194
194
194
2
210
2
239934
848
210
626940
2
2
2
562
976
1239
201174
1224
32066
1239
976
1224
816
838
158846
375288
572511
841
216851
1263
906
33024
135858
1730
1678
102106
40544
848
561
1239
201174
1224
32066
816
375288
838
1301
572511
841
216851
1263
904
158846
906
33024
135858
1730
1678
102106
40544
561
848
239934
2
562
1239
1224
562
2
1718
561
2
2
976
1239
976
1239
838
210
848
2
816
841
1263
459786
836
1257
543311
848
848
239759
239934
2745
22
216851
572511
1485
186803
33042
1239
976
1239
838
838
1239
2
1239
838
1239
976
976
1239
543311
165779
1301
848
2
1239
1239
976
838
1239
848
1257
543311
34072
75
283
848
2
1239
976
1239
976
838
1239
976
838
838
1239
1239
976
838
976
1239
848
836
165779
543311
117563
838
2
1239
976
1239
851
851
848
2
2
848
851
1261
33033
848
2
848
848
848
2
851
1257
543311
851
1261
33033
2
2
2
2
2
848
848
848
848
848
851
851
851
851
851
848
28025
47715
47715
28025
2157
2207
1578
1678
1694
57037
28025
47715
28025
28025
28025
1579
1681
1358
1358
1579
1358
2
47715
47715
1678
169325
2
1579
28025
570
1301
46503
841
853
2
2157
1224
201174
570
1485
1301
375288
84111
590
216851
841
508458
570
573
244366
1301
102684
197614
1304
46503
841
166486
301301
853
816
28111
1413
40545
638849
816
820
291645
357276
906
187326
1464554
186802
1322
906
1301
1304
102684
1239
1224
201174
570
1485
1301
570
570
570
2885105
573
570
244366
570
1301
853
841
853
841
166486
2
816
28111
1413
816
375288
46503
906
187326
816
375288
570
570
543
1313
573
2
301301
853
906
2
2
1224
976
1239
119852
33024
29465
551
976
1239
976
1239
816
1357
1301
816
2
1280
2
1280
1301
838
583
562
1350
1224
2
1350
543
2
2
2
570
562
547
2
2
2
2
543
1716
1301
28132
43675
39778
1747
222
1716
222
1598
1301
1224
286
32008
212791
40323
222
469
76892
1239
57037
68892
1301
838
1224
1239
1279
150022
583
1224
286
32008
212791
40323
222
469
583
1350
1350
212791
40323
583
2
2
838
1224
543
583
1350
1224
1224
1301
29465
838
29465
1239
1301
838
1224
543
583
1350
1224
286
32008
212791
40323
222
469
2
2
1224
469
40323
286
212791
1224
2
1224
2
469
543
470
287
91061
91061
91061
562
1280
1678
1579
848
970
1257
2
216851
186802
848
1257
2
848
2
2
2
1579
28025
1678
1579
2
2
2157
848
28890
2172
1239
1485
39948
1257
186802
119852
970
171550
35832
1224
1301
31979
189330
1257
544448
841
848
1257
194
118747
1257
970
543311
2172
848
970
2
1239
1239
186802
186802
216851
1730
841
28050
848
1257
2
1257
848
851
1261
33033
1257
848
2
544448
28890
2172
544448
544448
2172
544448
31969
848
1239
970
1485
39948
1301
1335
1308
1308
2
216851
841
1730
2
848
1257
216816
1579
1351
848
1257
33959
1257
2
4751
848
1579
1578
2
2
2157
2
851
2097
2157
573
573
543
543
1350
561
2157
1224
1239
1485
564
1239
1301
1578
186801
31979
1578
31979
1578
1578
1578
1239
1485
2
28901
1578
817
562
851
2
817
562
851
851
2
2
216851
186803
816
189330
207244
841
848
836
543311
2
816
851
851
2
2
848
851
33038
33038
33038
33038
33038
33038
562
562
33038
33038
33038
2
33038
33038
33038
33038
33038
33038
33038
1730
33038
33038
33038
33038
2
171549
853
562
573
29465
1678
1304
1318
40520
239759
1224
33038
33038
33038
33038
33038
33038
33038
33038
33038
853
33038
33038
562
997
33038
997
33038
33038
2
33038
33038
33038
33038
33038
33038
33038
33038
33038
33038
33038
33038
33038
33038
33038
33038
33038
33038
33038
33038
33038
33038
33038
33038
2
33038
33038
1485
33038
33038
33038
33038
33038
33038
33038
33038
33038
33038
33038
33038
33038
33038
33038
33038
33038
1239
1263
572511
1263
33038
33038
572511
572511
572511
33038
33038
33038
33038
33038
33038
33038
33038
33038
33038
33038
33038
33038
33038
33038
33038
33038
33038
33038
33038
562
562
108010
815
830
872
872
830
1730
1485
1263
2
2
128142
33038
33038
33038
33038
1532
1322
53443
89014
33035
180164
1532
1322
53443
89014
33035
180164
418240
40520
40520
976
1239
1224
201174
1239
976
838
216851
572511
838
838
816
216572
838
2
1485
872
816
1578
838
976
1239
1224
201174
2
1239
1239
201174
2
200643
186801
1236
1760
200643
186801
2
171552
216572
815
186803
838
816
838
838
1678
1678
1678
2
838
171552
216851
31979
572511
186803
838
216572
186803
171552
815
171552
216572
815
171552
171549
31977
815
90964
186803
186802
1268
171550
171551
216572
128827
171552
84566
641876
356
31979
84107
171552
171549
2037
171551
186802
815
543
203494
186826
91347
216572
838
216851
816
1678
816
838
216572
83770
838
816
216572
83770
838
216851
572511
838
216851
572511
838
976
1239
1224
816
838
1263
816
838
838
816
838
838
186802
216851
1678
117563
482
2
2740
2
2
46124
2740
117563
2
2
2
2
117563
482
2
837
2
2
2
2
2
2
2
2
2
117563
482
117563
482
2
2
2740
117563
482
2
2741
46124
495
1239
1224
201174
1239
1224
201174
1239
1224
976
1239
976
1239
2
1239
2
2
2
2
2
47670
838
1301
39948
44259
1301
724
2
158846
1654
239934
117563
2
2
2
2740
39948
836
1578
32207
1016
117563
47670
2717
416916
2
2740
39948
32207
2717
482
2740
1578
117563
2740
1578
2
2
2
482
117563
906
2740
482
482
46124
137732
482
28449
495
267212
482
482
495
28449
29434
28449
482
2
495
46124
2740
46124
495
2740
2
46124
2740
46124
2
1239
2
2
837
2
2740
482
482
46124
117563
1301
2
2
482
29434
2
2
2
482
46124
137732
46123
46124
487
490
1224
1239
1239
816
561
1578
1485
29465
1301
570
1224
1239
1578
1496
1239
976
1224
1224
1239
561
816
816
1578
1485
570
1485
570
1301
29465
1678
2
1224
1239
1239
1239
816
1578
816
1578
29465
1301
1485
570
29465
1301
1485
570
1496
1224
1239
1578
1496
1496
853
1301
29465
976
1224
976
816
817
821
1239
976
1117
544448
1224
201174
256845
32066
976
1224
201174
1239
1224
976
976
1239
1224
976
201174
31977
29465
823
1685
1681
1680
216816
1454229
1681
1685
1685
1681
1680
1681
216816
1685
1680
1454229
1685
1685
216816
216816
823
1678
1681
216816
1678
816
2
1678
1496
2
2
2157
1685
216816
1678
1596
171550
186801
186804
543
31953
1239
976
1224
201174
171550
186806
186801
1898207
186802
186804
31979
31953
543
85004
91347
909932
1239
976
1224
201174
32066
95818
203691
84999
84107
468
1236
1224
1239
976
201174
1224
32066
80864
85021
186828
1239
976
1239
171550
171550
186801
186801
186804
186804
31979
1502
91347
543
543
543
543
31979
1678
216816
31953
1678
84107
1236
475
475
171550
216816
1678
216816
85004
186802
1678
85004
562
562
2
1239
201174
1224
74201
216851
1263
1730
189330
816
239759
1678
1678
2
186802
1678
562
562
561
562
561
562
562
562
543
562
562
562
2
1239
976
1224
201174
74201
85004
216816
1239
186802
186801
186826
91061
186826
841
33042
830
216851
186802
1224
976
976
1224
1239
201174
562
1351
33945
1301
186826
186802
186804
31979
186803
216572
33038
853
85004
562
562
2
562
2
562
976
1239
1224
201174
85004
186802
1678
2
216816
216816
247
1678
1678
186802
186801
91061
216851
841
33042
830
1239
841
216851
186802
1239
1678
1678
1678
562
562
562
561
562
216816
562
562
1678
562
562
562
853
562
201174
74201
200918
187144
816
838
2
1224
543
543
2
561
816
1263
976
1239
2
2
1239
976
2
1239
1263
816
838
838
33024
201174
74201
200918
187144
1239
976
1239
1224
976
976
1224
1224
976
838
2
561
816
1239
976
816
838
2
2157
1582
216851
561
620
216851
816
216851
1496
1239
543
816
216851
816
216851
216851
572511
1485
216572
841
2
216851
216851
216851
216851
2
1496
1496
2
84112
1678
853
2
4751
572511
189330
629
1279
816
572511
189330
841
128827
2
2
2
186803
216572
816
572511
128827
841
216851
31979
189330
239759
186802
1485
31977
45401
33042
1485
239759
1485
375288
543
81852
2
572511
189330
1678
292632
547
1678
189330
292632
572511
1678
292632
186803
572511
189330
547
629
33042
629
543
1279
174708
816
574697
815
946234
216572
572511
189330
629
1279
816
186803
572511
128827
841
29393
189330
39948
102106
186803
572511
841
189330
128827
186828
29393
31977
39948
84107
102106
186802
189330
572511
841
39948
29393
102106
572511
189330
186803
1239
186801
186802
1239
186801
186802
2
572511
189330
572511
189330
841
2
572511
189330
629
1279
816
186803
572511
189330
841
128827
572511
189330
128827
128827
186803
838
543
81852
2
629
1239
1239
1239
186803
572511
128827
838
2
33024
33024
838
216851
580596
2
572511
189330
2
2
2
2
572511
2
2
838
39488
2
1496
2
84111
1263
100883
890415
100883
39948
577309
40544
171550
84111
100883
1263
724
29465
100883
1263
100883
100883
84111
100883
1263
84111
100883
1263
33038
33035
2
84111
1263
1263
33038
84111
1263
84111
84112
84111
1263
84111
84112
1263
33038
84111
1263
84111
84111
84111
84111
1485
84108
84111
1532
1322
53443
89014
33035
180164
1532
1322
53443
89014
33035
180164
418240
1423
2
2
84112
84112
84112
84112
216851
838
821
39948
841
1224
1350
1301
1578
33038
1343
91061
1224
544448
216851
572511
816
1224
2
286
1239
1224
216572
186803
186801
1239
1224
976
201174
1224
976
1350
1506553
1301
1578
1263
1343
838
158846
39948
1508657
216851
1263
28050
841
572511
821
820
40518
46506
2
1239
1224
1239
1224
91061
186826
81852
91347
543
186803
1300
33958
1506553
33024
375288
816
572511
216851
1508657
28050
841
1224
1350
1506553
1301
1578
1263
838
158846
39948
1508657
216851
1263
28050
841
572511
821
820
40518
46506
1224
1224
838
2
816
816
2
816
2
2
186826
1678
838
1678
1678
1678
1678
39948
39948
1678
838
39948
1598
2
976
1239
1224
201174
815
216572
186803
816
838
39948
28050
1239
39948
28050
135858
1239
375288
135858
375288
39948
28050
135858
375288
1678
186826
165179
1678
1678
1678
1678
1678
1678
1678
1678
1678
1678
1678
838
1678
838
838
838
838
47678
39948
39948
186826
39948
1263
135858
135858
1236
2
1678
838
838
47678
1678
1678
1678
1678
1678
1678
1678
1678
1678
1678
2
1239
1678
1678
1582
1678
1678
1678
1678
1678
1678
2
1678
1678
1678
1678
1678
1678
39948
39948
39948
39948
39948
39948
39948
39948
39948
39948
2
216816
1578
1678
239935
1582
1587
216816
1578
210
1578
1578
210
1578
210
210
1578
210
1578
1578
1578
210
1578
1624
1579
1578
210
1578
1578
1579
1578
1582
47715
1485
1578
210
210
1578
210
210
1578
1578
210
210
1578
210
210
210
210
2
2
2
1578
1578
1578
210
1578
1578
210
1578
210
1578
1578
210
1578
1578
1624
1579
210
210
1578
1578
210
1578
210
1578
1578
210
1578
1578
210
1578
210
1578
210
1578
210
1578
1578
1578
1624
1579
1578
210
1578
1578
1579
210
1578
210
1578
210
1496
1496
1578
210
210
210
210
210
209
210
210
2
2157
838
816
836
482
1378
29465
906
1224
838
816
838
816
816
838
838
816
838
816
838
816
838
816
816
816
816
838
838
816
838
816
2
838
816
838
1496
1496
1496
976
1224
1496
1496
1496
2
1496
976
1239
2
1239
1224
976
1239
1496
976
1239
976
816
1224
74201
816
1485
1485
1485
1224
1239
1224
976
976
1224
1224
1224
976
1239
1224
976
1224
976
976
976
1239
1485
1496
1224
1496
1485
1496
1496
1496
1496
1496
1496
1496
1496
1496
1485
1496
1496
1496
1496
1496
1496
1496
1496
1496
1496
1496
4751
2
5476
5052
853
1680
28050
52226
310297
906
186803
817
189330
157
203492
84993
853
906
52226
28050
157
817
2
2
2
4751
2
2
1239
201174
1224
2
4751
5052
5506
5475
5502
5073
4842
4830
4751
4751
2
2
2
4890
5204
5482
5476
5476
5476
5052
1239
976
1224
201174
201174
1239
1224
216572
31977
186803
171552
815
31977
186803
216572
872
817
33038
2005519
31979
375288
1485
189330
570
165179
853
906
186803
853
1680
28050
52226
310297
817
189330
157
203492
84993
853
157
817
906
28050
216851
841
28050
216851
906
52225
570
1578
904
33024
848
620
157
4751
2
161890
4751
4890
5204
5482
5476
5476
5052
4751
2
31977
216572
186803
906
186803
216572
2
2
186803
216572
906
841
28050
904
52226
543
620
157
620
2
817
817
2
853
1680
1578
2
2
396559
5598
5037
5039
5598
239934
158846
46913
580596
100883
158846
580596
239935
100883
1496
4751
836
283168
904
766728
55193
5506
970
2745
22
55193
55193
2
46913
1386
1041
53246
5506
970
2745
22
2
4751
970
2745
2745
970
4751
456999
206318
2745
5206
5418
100951
5580
4875
4751
2
2
2
2
1496
2
838
906
620
848
286
2
817
853
1680
2
5039
1764
2
5476
76777
2
223374
456999
71877
5418
5580
144533
29465
1301
1730
29465
848
29465
186826
2
2
1239
1239
1239
976
1224
32066
29465
1730
848
29465
1301
848
1301
29465
482
29465
186826
1485
186826
29465
1678
29465
1485
482
1730
1301
1485
1678
482
482
1301
1485
1485
1485
29465
848
1301
1730
482
29465
186826
1485
29465
29465
1301
29465
29465
29465
29465
29465
29465
29465
1301
848
29465
29465
1301
1301
29465
1301
29465
29465
1301
482
29465
1301
29465
29465
29465
186826
1485
1578
186801
1578
1578
1578
1485
1578
2
186802
186826
29465
1678
29465
1485
482
1730
186801
482
482
482
1678
186801
2
2
2
2157
816
29466
2
2
1485
186801
186801
31953
90964
31979
712
1678
1117
2
1239
201174
31953
31979
1678
543
544
31979
31953
90964
712
2
1279
1485
613
33042
416916
1578
816
469
724
1239
572511
1301
904
32207
189330
469
33042
186804
32207
1301
904
1678
469
724
1485
1678
543
29465
31953
90964
31979
712
1678
543
31979
186802
186826
1385
91347
2
543
816
1678
816
1678
816
2
2
2
28221
1485
29465
32207
1239
1224
74201
28890
838
80864
186826
171549
216572
838
2
2
714
158
837
837
837
2
837
1239
976
32066
1224
544448
201174
28890
1117
74201
256845
508458
74152
1239
1224
74201
28890
816
1301
848
838
848
838
543311
836
195950
39948
44259
157
1730
186802
816
171550
848
1301
820
216572
28124
76122
838
80864
186826
171549
216572
838
135083
32067
195950
194
28113
671218
848
113107
195950
186803
265975
838
439703
482
113107
838
32207
46124
1501332
836
186804
439703
28137
28129
84109
200
836
218538
341694
28124
76122
28136
51160
203
143361
33033
837
171549
1239
838
171551
837
550
976
1239
1224
74201
28890
28890
74201
1224
74201
239935
74201
848
838
543311
836
195950
39948
44259
157
1730
838
80864
186826
171549
135083
32067
195950
194
216572
838
216572
838
2
838
838
76122
28136
28135
171549
28124
203
218538
33033
143361
84109
157
838
265975
195950
32067
970
848
113107
838
172042
46124
1501332
836
113107
46124
848
128827
186803
28890
74201
1224
837
837
28124
851
837
714
837
2
2
714
2
2157
4751
2
837
837
837
543
186802
1496
239935
838
2
2
836
172042
837
816
1239
976
2
171549
186802
2
1224
543
1578
562
816
1578
1678
2
2
976
1239
32066
1224
976
1239
1224
32066
1239
976
171549
186802
186826
28050
577310
1578
191303
1350
46255
846
182709
1573534
2
976
1239
32066
1224
200795
1297
57723
768503
188787
204432
28211
85006
356
204457
84993
204455
32003
85009
85013
768507
118964
85011
596497
85008
204441
1386
57493
1663
46913
574697
244127
1506577
838
1269
356
2
1239
976
1239
976
2
171549
186802
2
186826
2
216572
186803
2
1578
1678
1239
32066
1224
200795
1297
57723
976
1239
200795
1297
57723
2
574697
1730
244127
1506577
2740
57493
1386
1663
1839
323449
1883
379
596499
195964
838
2
574697
39496
2
2
2
590
1590
816
838
838
838
816
2
838
816
838
838
838
838
816
838
816
816
838
816
838
838
838
838
816
166669
1578
1582
1587
216816
2
4751
2
1239
1224
201174
191303
1485
1239
1224
662
22
53246
1224
1485
191303
1578
648800
4751
5204
4890
5206
5429
64640
4751
4890
5204
2
666
2
1239
1485
1239
1239
1485
1485
2
2
1224
1224
1224
662
22
53246
2
2
2
4751
1117
2
2
2
186804
239935
561
186804
186804
1505660
186804
1501226
186804
91347
239934
561
620
562
186804
1496
186804
186804
186804
239934
2
239935
239935
562
562
1496
561
620
562
562
562
1496
186801
1115758
1485
1501226
1505657
1505652
1505660
1578
1678
1496
1496
1579
1597
1678
1678
203557
816
1263
186803
1496
1280
1496
1496
1496
1496
1579
1597
1678
1678
203557
816
1263
186803
203557
203557
203557
543
203557
203557
203557
543
31977
203557
1496
816
816
816
1496
816
186803
1263
1263
186803
1263
1496
1263
1496
1263
1263
1263
1263
1263
1263
1496
1496
1496
203557
816
1263
1496
1496
1280
1496
1496
1485
1496
1496
1496
1485
1496
1496
1485
47715
1496
1485
1496
1496
128142
33038
2
1496
1496
1496
1496
976
1239
1224
186803
216572
40544
1350
1301
2
561
2
33958
976
1239
1224
976
1239
1224
976
1239
1224
200643
200643
171549
815
171552
838
1239
186801
186802
91061
186826
186801
186803
216572
31977
31979
186803
216572
2
186803
28050
841
572511
33042
207244
216572
216851
1263
31977
29465
31979
31979
91061
186826
2
81852
33958
1301
1578
1350
1224
1224
1236
28216
28216
506
40544
1236
543
561
28050
838
1578
1263
1578
28050
1301
1301
29465
976
1239
2
2
1239
1224
1239
976
976
1224
1224
976
1239
976
1239
1224
186803
216572
186801
2
2
31979
186801
186803
216572
81852
1300
1350
1301
81852
1300
33958
1578
1578
33958
2
81852
1300
91061
81852
1300
2
1578
1578
1578
31977
31977
31977
1224
543
561
543
40544
506
40544
561
2
838
838
838
1300
1300
31977
31977
31977
1578
1578
1578
838
186803
216572
2
216572
216572
216572
186803
2
186803
216572
40544
1350
1301
2
33958
2
561
2
2
1496
2
47715
1279
1654
1716
2
1279
1279
1485
561
816
1279
1279
1279
1279
1279
1279
1279
1279
1279
1279
1279
1279
1279
1280
1239
1279
1485
1224
1239
201174
976
1279
1279
1279
1279
1224
1239
976
201174
1239
1224
201174
1224
1239
1279
1485
1279
1239
1279
1279
1279
1279
1279
2
1279
1485
1279
1485
1280
137838
2
2
91061
2
186801
848
543311
1301
216851
216572
851
817
2
848
543311
1263
848
201174
1239
74201
1224
848
543311
216572
216851
375288
841
572511
1678
848
1301
838
1279
848
543311
1301
848
32067
543311
1257
1301
216572
216851
286
1301
848
543311
543311
33024
140625
1224
848
216851
848
32067
32033
22
469
1224
286
543
1279
848
848
32067
848
851
851
848
848
543311
33033
543311
1301
315405
2
543311
848
1301
848
543311
1301
1263
216851
186803
216572
848
32067
1301
817
848
32067
817
543
80864
848
216572
216851
816
848
543311
33033
1301
216851
32066
1239
816
848
216572
216851
1224
286
2745
40544
543311
216572
186803
40544
851
817
2
2
848
848
543311
138117
543311
138117
33033
817
2
2
1496
1578
1280
91061
2
286
562
573
584
546
287
1496
1350
171549
1578
1496
397864
171549
171549
1578
2
1496
397864
1352
470
2
1280
2
2
2
2
836
572511
165779
841
2
836
572511
853
165779
841
572511
841
2
2
2157
837
853
853
2
562
2
562
543
562
562
2569547
561
562
562
562
562
562
562
562
562
562
562
562
562
562
562
2
543
562
562
562
562
562
562
561
562
543
562
2
91061
562
562
562
31977
171552
815
816
815
816
909930
572511
171551
1506553
2
158846
39948
292632
816
572511
1506553
31977
171552
815
816
1678
158846
239759
1224
1117
32066
976
544448
201174
1239
816
158846
572511
39948
216851
1506553
1578
33024
292632
1239
816
216851
572511
33024
375288
239759
816
1506553
1578
158846
906
841
1239
201174
32066
1224
816
2
816
816
816
39948
2
39948
158846
158846
158846
158846
158846
158846
158846
239759
239759
239759
239759
239759
239759
239759
1678
1678
1678
816
816
1678
1678
1678
1678
1678
1678
2
838
838
838
838
2
2
2
838
2
2
4751
1496
816
1263
572511
724
712
724
31977
481
203492
853
2
2
2
1350
216851
1263
2
2
543
2
186803
2
2
976
1239
1224
1224
1224
1239
91347
186802
171549
909929
32199
816
838
158846
216851
2
32199
158846
838
32199
583
186803
29465
292632
838
397864
216572
2
216851
46205
1506553
838
1283313
33024
216851
1350
583
29465
1350
2
838
1283313
216851
1508657
2
838
2
1350
1263
1350
583
1506577
577310
1678
39948
375288
158846
28050
39496
186803
838
33024
244127
32199
28050
33024
39496
2
2
1485
911113
186803
32199
32008
46205
239759
374
40544
33024
1283313
216572
28050
2
1239
1224
1224
2
2
2
1578
1678
2
1578
1678
1678
1678
216816
1694
1578
1678
2
2
2
1350
561
2
838
216851
2
1350
2
2
1263
1485
2
204475
2
2
562
853
1678
1678
1678
186803
216572
216572
543
1492
1492
1492
1492
1239
1485
1578
1492
2
1492
1492
1492
1492
1492
1492
1492
1492
1492
1492
1492
1492
1239
976
1224
201174
1239
1578
216851
1485
572511
841
2
216851
158846
838
816
1578
1485
543
1492
1239
2
2
1492
1492
1492
1492
1492
816
561
572511
216851
841
1239
1492
2
816
561
2
572511
216851
841
1492
33024
841
572511
216851
1485
292632
1263
33042
816
1492
1492
1492
1492
1492
1492
1492
1678
1492
1492
1492
1492
1492
1492
1492
1492
2
1492
1678
47715
2
1492
1678
2
2
2
2
2
2
2
2
562
2
2
2
2
2
2
2
2157
2
2
2
2
2
2
2
2
2
2
2
2
2
2
562
1280
287
813
485
573
584
1351
2
2
1224
1239
201174
1763
1485
1301
2
562
1351
33892
33892
1763
1582
2
562
1351
562
108010
2
1496
2
2
2
2
2
2
2
2
2
1763
1582
1351
562
562
562
1496
1584
2
2
1239
1224
1297
201174
976
1239
976
1239
976
28050
1730
1481960
397864
577310
2
2
1301
1239
1301
1301
2
1301
186801
1239
1485
186801
186801
2
2
2
2
2
2
2
2
39491
39490
842
2
2
831
83339
1736
848
2
562
562
831
831
562
2
562
2
2
1730
830
2
39491
39496
848
39490
39491
842
1730
1730
39495
39486
39496
33043
2
216816
2
2
2
2
2
1730
39491
842
108010
1485
831
830
830
830
831
831
831
1485
1485
838
839
562
2
2
2
2
831
2
562
2
848
77095
839
830
831
2
2
830
1485
2
838
