2
1239
216572
186803
186806
1485
1350
1578
815
171551
171552
171550
995019
543
1678
2
43668
135858
543
28256
468
57494
49
135621
1030
1678
816
836
286
1678
562
2
2
1485
1350
1578
1243
1357
1301
1279
816
543
1678
2
1239
976
1224
201174
1239
1239
976
1224
201174
1300
1239
186806
33958
815
171552
1224
506
543
31953
84107
2
1239
2
1485
1350
1578
1243
1678
1239
976
1224
201174
2
2
2
1301
2
1239
1239
186803
301302
189330
45851
186806
1730
186803
1350
1578
1578
2
815
171551
171552
171550
817
995019
543
2
547
561
583
1678
1678
1678
2
2
2
2
1239
976
1224
201174
71870
1496
1515
1625
2
1305
1678
1678
2
2
2
1224
816
1263
33042
189330
1350
1350
1350
1350
1350
1350
4753
1239
1224
526525
91347
171549
562
816
1263
33042
189330
1496
816
171549
186826
186802
186826
1350
52784
1559
186802
171549
186803
572511
31971
1263
816
1350
1350
1350
1350
1350
1350
1350
1350
1350
1350
1350
1350
1350
1350
1350
1350
1350
1350
1350
1350
186802
526525
1350
1239
976
976
1224
1224
2
562
573
286
550
583
1224
1224
171549
816
1263
33042
189330
816
1263
33042
189330
816
1263
2
1224
1239
976
186826
186802
171549
1350
1350
1350
1350
1350
1350
1350
1350
1350
186802
816
1239
1239
1239
186802
186802
216572
1263
816
186801
186802
216572
816
186801
2
2
186802
31979
216851
189330
186803
2
2
2
2
1352
1352
1351
2
976
1239
1239
39491
66219
1578
1239
1239
186801
39491
2
1351
1352
1352
1351
1352
39491
1485
2
2
2
2
2
39491
186801
2
2
2
1350
186801
1578
2
2
2
1578
1578
1578
1578
1578
2701
1578
2701
1578
1578
2
1578
2701
2
2
4751
4751
4751
4751
2
4751
4751
2
5475
5206
5052
34489
5036
229219
5500
4751
4751
4751
4751
4751
4751
4751
4751
4751
4751
4751
4751
2
5204
4890
4751
4751
4751
4751
4751
2
4751
4751
4751
4751
4751
4751
4751
4751
2
4751
4751
5476
5478
746128
5500
5036
229219
4751
2
2
4751
5498
5052
5073
55193
5475
5475
4890
5475
5475
4751
4751
4892
4930
4751
4751
4751
4751
4891
4930
5475
4751
4751
214506
4751
210
2157
4751
4751
4751
4751
252598
4751
4751
4751
4751
4751
4751
210
4751
4751
4751
4751
4751
4751
2
5207
5207
5206
55193
4751
4751
4751
55193
4751
252598
562
2
5476
2
1224
544
547
561
1653174
1375
1380
66831
2701
1578
906
90243
838
1301
12916
419014
2782229
28050
1257
286
75309
34084
165695
2129
2
2157
1224
561
570
286
547
544
12916
75309
90243
1654
165779
1380
66831
150022
2701
1578
906
162289
1279
1301
2701
2702
1653174
5476
5478
273371
5482
36911
36914
4929
76773
5478
36911
4751
55193
4751
2
1578
838
1350
286
2
2
2
2
1653174
2129
2093
810
2
287
562
2
2157
2
59505
76833
1653174
76833
813
485
419015
419015
1678
419014
419015
2
553372
572010
2
2
2
553372
572010
2
572010
2
2
2
2
446660
553372
28116
1260
97478
498718
572010
1338
572010
446660
28116
498718
572010
572010
572010
572010
2
2
572010
2
2
2
2
2
572010
572010
2
572010
2
2157
446660
84111
553372
2
498718
2
2
2
2
2
2
2
2
562
2
2
2
2
2
2
2
2157
2
2
2
2
2
2
2
2
2
2
2
2
2
2
562
1280
287
813
485
573
584
1351
2
2
1224
1239
201174
1763
1485
1301
2
562
1351
33892
33892
1763
1582
2
562
1351
562
108010
2
1496
2
2
2
2
2
2
2
2
2
1763
1582
1351
562
562
562
1496
1584
2
570
194
838
1578
838
2701
1578
1578
239935
2
2
2
2
570
1375
80865
1350
239759
40323
1269
1298
295418
162290
28196
28263
57493
1161127
929509
162289
80865
1350
40323
1269
1298
929509
162289
2
194
906
838
39948
32067
165779
848
236752
184869
2093
162289
836
435913
41275
265
1827
838
32067
184869
2093
1578
838
194
39948
165779
162289
836
435913
909928
165779
435913
1578
162289
1473205
570
239935
570
1350
570
1350
838
838
838
838
2
838
838
1578
1578
1578
1578
1578
1578
1578
1578
2
570
1350
1584
2
1716
1716
1279
1224
2
4751
1716
1716
1716
1385
1279
1716
768503
1716
1760
1279
768503
91061
186826
1224
561
590
662
209
629
445
32008
194
547
544
286
1224
1578
1730
186801
1654
165779
1263
544448
31969
84998
1301283
1654
906
1716
1716
1716
1716
1716
1578
1301
1578
1350
31953
286
1301
1578
286
1224
2
1716
1239
201174
1224
976
32066
74201
5073
4751
5073
1716
2
1716
1280
1637
1637
2
